file_name
/Users/JH/Documents/GitHub/EnergyData_jhyun/VTT/VTT_GW1_HA10_VM_EP_KV_K.bin
/Users/JH/Documents/GitHub/EnergyData_jhyun/VTT/VTT_GW1_HA10_VM_KV_K.bin
/Users/JH/Documents/GitHub/EnergyData_jhyun/VTT/VTT_GW1_HA10_VM_KV_KAM.bin
/Users/JH/Documents/GitHub/EnergyData_jhyun/VTT/VTT_GW1_HA11_VM_EP_KV_K.bin
/Users/JH/Documents/GitHub/EnergyData_jhyun/VTT/VTT_GW1_HA11_VM_KV_K.bin
/Users/JH/Documents/GitHub/EnergyData_jhyun/VTT/VTT_GW1_HA11_VM_KV_KAM.bin
/Users/JH/Documents/GitHub/EnergyData_jhyun/VTT/VTT_GW1_HA12_VM_EP_KV_K.bin
/Users/JH/Documents/GitHub/EnergyData_jhyun/VTT/VTT_GW1_HA12_VM_KV_K.bin
/Users/JH/Documents/GitHub/EnergyData_jhyun/VTT/VTT_GW1_HA12_VM_KV_KAM.bin
/Users/JH/Documents/GitHub/EnergyData_jhyun/VTT/VTT_GW1_HA13_VM_EP_KV_K.bin
/Users/JH/Documents/GitHub/EnergyData_jhyun/VTT/VTT_GW1_HA13_VM_KV_K.bin
/Users/JH/Documents/GitHub/EnergyData_jhyun/VTT/VTT_GW1_HA13_VM_KV_KAM.bin
/Users/JH/Documents/GitHub/EnergyData_jhyun/VTT/VTT_GW1_HA1_VM_EP_KV_K.bin
/Users/JH/Documents/GitHub/EnergyData_jhyun/VTT/VTT_GW1_HA1_VM_KV_K.bin
/Users/JH/Documents/GitHub/EnergyData_jhyun/VTT/VTT_GW1_HA1_VM_KV_KAM.bin
/Users/JH/Documents/GitHub/EnergyData_jhyun/VTT/VTT_GW1_HA2_VM_EP_KV_K.bin
/Users/JH/Documents/GitHub/EnergyData_jhyun/VTT/VTT_GW1_HA2_VM_KV_K.bin
/Users/JH/Documents/GitHub/EnergyData_jhyun/VTT/VTT_GW1_HA2_VM_KV_KAM.bin
/Users/JH/Documents/GitHub/EnergyData_jhyun/VTT/VTT_GW1_HA3_VM_EP_KV_K.bin
/Users/JH/Documents/GitHub/EnergyData_jhyun/VTT/VTT_GW1_HA3_VM_KV_K.bin
/Users/JH/Documents/GitHub/EnergyData_jhyun/VTT/VTT_GW1_HA3_VM_KV_KAM.bin
/Users/JH/Documents/GitHub/EnergyData_jhyun/VTT/VTT_GW2_HA49_VM_EP_KV_K.bin
/Users/JH/Documents/GitHub/EnergyData_jhyun/VTT/VTT_GW2_HA49_VM_KV_K.bin
/Users/JH/Documents/GitHub/EnergyData_jhyun/VTT/VTT_GW2_HA49_VM_KV_KAM.bin
/Users/JH/Documents/GitHub/EnergyData_jhyun/VTT/VTT_GW2_HA50_VM_EP_KV_K.bin
/Users/JH/Documents/GitHub/EnergyData_jhyun/VTT/VTT_GW2_HA50_VM_KV_K.bin
/Users/JH/Documents/GitHub/EnergyData_jhyun/VTT/VTT_GW2_HA50_VM_KV_KAM.bin
/Users/JH/Documents/GitHub/EnergyData_jhyun/VTT/VTT_GW2_HA51_VM_EP_KV_K.bin
/Users/JH/Documents/GitHub/EnergyData_jhyun/VTT/VTT_GW2_HA51_VM_KV_K.bin
/Users/JH/Documents/GitHub/EnergyData_jhyun/VTT/VTT_GW2_HA51_VM_KV_KAM.bin
/Users/JH/Documents/GitHub/EnergyData_jhyun/VTT/VTT_GW2_HA52_VM_EP_KV_K.bin
/Users/JH/Documents/GitHub/EnergyData_jhyun/VTT/VTT_GW2_HA52_VM_KV_K.bin
/Users/JH/Documents/GitHub/EnergyData_jhyun/VTT/VTT_GW2_HA52_VM_KV_KAM.bin
/Users/JH/Documents/GitHub/EnergyData_jhyun/VTT/VTT_GW2_KIINT_KV_KAM.bin
/Users/JH/Documents/GitHub/EnergyData_jhyun/VTT/VTT_GW2_KIINT_KV_KO_KAM.bin
/Users/JH/Documents/GitHub/EnergyData_jhyun/VTT/VTT_GW2_TAVOIT_KV_KAM.bin
dependency
[   0.           81.85963596  399.54849518  110.95043939  114.5120081
  391.70652279  221.58745452  219.84312589  398.8872021   158.57490344
  182.35953499  401.00124688  147.55676874  150.68842026  395.22904752
  120.83045974  124.62744481  400.6544646   150.00999967  177.0734311
  400.4272718   213.69370604  126.54248298  334.77305746  404.25981744
  349.25921606  396.43915044  222.12158832  115.16944039  350.63798996
  231.82105168  194.14942699  392.8638441   373.96925007  373.71780798
  403.78459604]
[  81.85963596    0.          406.16006697  137.56089561  124.62744481
  398.52352503  238.43657438  227.84643952  405.42323564  179.10053043
  162.64685672  407.5941609   169.28083176  160.34338153  401.95895313
  147.69901828  137.92389206  407.20879165  171.37677789  149.99333319
  407.03931014  228.80996482   99.07572861  343.80226875  412.97820766
  348.78503408  403.38691104  236.50581388  118.94956915  358.68370468
  246.57250455  193.75499994  399.73616299  381.44724406  380.64419081
  410.2328607 ]
[ 399.54849518  406.16006697    0.          430.46602653  427.67043386
   20.61552813  498.4355525   497.2001609    11.74734012  508.1958284
  513.8949309     6.08276253  480.90331669  477.12681752   14.31782106
  476.47770147  473.93353964    8.30662386  508.93025062  514.97572758
    9.43398113  401.62420246  457.90828776  230.4734258   406.74439148
  408.15315753   38.92300091  417.03117389  451.13745134  114.20157617
  422.50680468  436.9885582    32.01562119   57.44562647   57.48043145
   15.45962483]
[ 110.95043939  137.56089561  430.46602653    0.           31.85906464
  421.62779795  176.01420397  173.39261807  430.55893905  193.90203712
  213.23930219  432.58294002  207.64633394  207.44396834  427.66575734
  171.38261289  173.07223925  432.14118063  147.63129749  174.78844355
  431.89350539  164.39282223  144.99310328  358.8690569   379.61559504
  403.88612256  426.15959452  164.22545479   88.90444308  378.64363193
  187.53932921  177.32456119  423.1524548   403.5504925   403.08683928
  434.39613258]
[ 114.5120081   124.62744481  427.67043386   31.85906464    0.          419.181345
  183.95108045  176.61823235  427.79434311  198.7133614   204.83652018
  429.79646346  211.70734517  206.01941656  424.95529177  176.97174916
  172.70495071  429.33320393  153.79856956  165.93372171  429.11653429
  166.66133325  133.87307422  358.09216691  381.82587655  399.94124568
  423.50324674  166.4962462    83.86298349  376.61386061  190.60954855
  175.69575977  420.39386294  400.99625933  400.27240724  431.58660776]
[ 391.70652279  398.52352503   20.61552813  421.62779795  419.181345      0.
  487.37562516  486.38770544   17.23368794  499.27747796  505.17224785
   21.3541565   472.31663109  468.72913287   22.09072203  467.15522046
  464.72572556   21.02379604  500.08499278  506.31511927   22.4053565
  392.42196677  448.35365505  221.84904778  393.58099548  401.00623437
   39.74921383  408.00490193  441.77143411  107.43835442  412.4524215
  426.04929292   35.7211422    54.47017533   53.54437412   26.03843313]
[ 221.58745452  238.43657438  498.4355525   176.01420397  183.95108045
  487.37562516    0.           43.58898944  498.00803206  276.89167557
  293.18594782  500.13298232  296.86697358  300.77898863  494.64633831
  237.9054434   243.09051812  499.47272198  227.17394217  250.16794359
  498.35629824  161.53637361  196.0204071   397.99497484  333.97155568
  486.21085961  489.80506326  159.92810885  167.13168461  429.42985457
  158.30982282  144.00347218  490.43552074  465.26551559  464.93655481
  502.2340092 ]
[ 219.84312589  227.84643952  497.2001609   173.39261807  176.61823235
  486.38770544   43.58898944    0.          496.96277527  274.59606698
  281.41783881  498.91382021  294.60482006  295.76680003  493.50886517
  236.33239304  237.96848531  498.27201406  223.69175219  237.25935177
  497.12473284  163.48088573  180.73737854  399.08395107  336.04910355
  481.06236602  488.99386499  160.8197749   158.76712506  429.36231786
  162.89874155  143.49564453  489.51302332  464.6783834   464.08404411
  500.98003952]
[ 398.8872021   405.42323564   11.74734012  430.55893905  427.79434311
   17.23368794  498.00803206  496.96277527    0.          506.9053166
  512.51536562   11.53256259  478.77761017  474.87682613   17.
  474.73887559  472.12392441   12.04159458  508.60003932  514.54057177
   14.31782106  402.1964694   456.79754815  228.2630062   404.9728386
  403.81802832   37.05401463  418.05143224  450.61846389  111.68706281
  422.33635884  436.03554901   31.95309062   55.96427432   56.05354583
   18.68154169]
[ 158.57490344  179.10053043  508.1958284   193.90203712  198.7133614
  499.27747796  276.89167557  274.59606698  506.9053166     0.
   93.23625904  509.37805214   96.11971702  107.79146534  504.29753123
   76.44605941   85.48684109  509.29951895   87.21811738  129.99615379
  508.85164832  330.9002871   161.84869477  453.23614154  454.14975504
  323.89813213  505.62832199  328.39610229  164.63292502  467.82368474
  341.44252811  282.6092709   503.2395056   487.48230737  487.22171544
  512.73384909]
[ 182.35953499  162.64685672  513.8949309   213.23930219  204.83652018
  505.17224785  293.18594782  281.41783881  512.51536562   93.23625904
    0.          515.10290234  134.1342611   119.6745587   510.10489117
  121.97950648  102.27903011  514.9456282   127.56958885   97.46794345
  514.57069485  342.54926653  137.71710133  460.73419669  463.41881705
  320.33263961  511.48313755  340.20141093  169.18333251  474.83681407
  353.08072731  283.4060691   508.99803536  493.73069583  492.80624996
  518.20362793]
[ 401.00124688  407.5941609     6.08276253  432.58294002  429.79646346
   21.3541565   500.13298232  498.91382021   11.53256259  509.37805214
  515.10290234    0.          481.75408665  478.00941413   13.56465997
  477.52486846  474.99894737    7.61577311  510.50269343  516.55493416
    7.61577311  403.63969081  459.24394389  231.58799623  407.63954666
  407.87498085   39.47150871  419.08710312  452.72949981  115.22586515
  424.43256237  438.54532263   33.37663854   58.89821729   58.74521257
   16.24807681]
[ 147.55676874  169.28083176  480.90331669  207.64633394  211.70734517
  472.31663109  296.86697358  294.60482006  478.77761017   96.11971702
  134.1342611   481.75408665    0.           46.34652091  476.76094639
   73.95268758   80.96295449  481.75408665  140.51334456  171.07892915
  481.11848852  333.07056309  173.42433509  424.26406871  451.29923554
  287.14282161  477.21378857  337.80023683  177.72731923  437.44485367
  340.51431688  293.39563732  475.64167185  458.60004361  458.31430264
  484.52554112]
[ 150.68842026  160.34338153  477.12681752  207.44396834  206.01941656
  468.72913287  300.77898863  295.76680003  474.87682613  107.79146534
  119.6745587   478.00941413   46.34652091    0.          473.30011621
   90.4046459    74.18220811  478.0177821   146.54692081  161.82088864
  477.41072464  331.74086272  168.3092392   422.04265187  450.10998656
  276.97111763  473.45010297  336.29302699  171.30382366  434.20041456
  340.08234297  291.51157781  471.89087722  454.95054676  454.03524092
  480.60274656]
[ 395.22904752  401.95895313   14.31782106  427.66575734  424.95529177
   22.09072203  494.64633831  493.50886517   17.          504.29753123
  510.10489117   13.56465997  476.76094639  473.30011621    0.
  472.11015664  469.65306344   12.88409873  505.53634884  511.71769561
   14.4222051   398.78691052  453.60224867  228.17756244  406.27084562
  406.44556831   41.40048309  414.45144468  447.85712007  111.95981422
  419.42699007  432.64303993   32.89376841   56.77147171   56.80668975
   21.26029163]
[ 120.83045974  147.69901828  476.47770147  171.38261289  176.97174916
  467.15522046  237.9054434   236.33239304  474.73887559   76.44605941
  121.97950648  477.52486846   73.95268758   90.4046459   472.11015664
    0.           43.70354677  477.23369537  104.40785411  144.38490226
  476.62773734  288.63991408  128.29263424  409.48870558  414.83490692
  317.75147521  471.92584163  291.95205086  135.41787179  427.03044388
  294.57596643  241.77262045  470.697355    451.61820158  451.47425176
  480.75981529]
[ 124.62744481  137.92389206  473.93353964  173.07223925  172.70495071
  464.72572556  243.09051812  237.96848531  472.12392441   85.48684109
  102.27903011  474.99894737   80.96295449   74.18220811  469.65306344
   43.70354677    0.          474.74835439  109.98636279  132.2157328
  474.08859931  289.64288357  119.55333538  408.22910234  414.94095966
  307.77914159  469.55084922  292.81393409  129.23621783  425.52203233
  296.39331976  240.81112931  468.28837269  449.49193541  448.71928864
  478.00836813]
[ 400.6544646   407.20879165    8.30662386  432.14118063  429.33320393
   21.02379604  499.47272198  498.27201406   12.04159458  509.29951895
  514.9456282     7.61577311  481.75408665  478.0177821    12.88409873
  477.23369537  474.74835439    0.          510.37143337  516.38067353
    9.89949494  402.97270379  458.82567496  230.66642582  407.47515262
  408.68080454   39.39543121  418.46385746  452.44005128  114.75626345
  423.58588267  437.86070845   32.49615362   57.68015257   57.71481612
   17.94435844]
[ 150.00999967  171.37677789  508.93025062  147.63129749  153.79856956
  500.08499278  227.17394217  223.69175219  508.60003932   87.21811738
  127.56958885  510.50269343  140.51334456  146.54692081  505.53634884
  104.40785411  109.98636279  510.37143337    0.           97.09788875
  509.6067111   278.24090282  146.1027036   445.33582834  425.12468759
  371.49293398  505.71830103  269.01115219  112.49444431  463.07666752
  292.71146202  249.76589039  503.00994026  485.83742137  485.51210078
  513.09745663]
[ 177.0734311   149.99333319  514.97572758  174.78844355  165.93372171
  506.31511927  250.16794359  237.25935177  514.54057177  129.99615379
   97.46794345  516.55493416  171.07892915  161.82088864  511.71769561
  144.38490226  132.2157328   516.38067353   97.09788875    0.          515.7315193
  293.85710813  126.49901185  453.19311557  436.40004583  371.77009024
  512.03222555  285.10875118  122.46223908  470.64423931  308.08764987
  251.39013505  509.21606416  492.61952864  491.83127188  519.01926747]
[ 400.4272718   407.03931014    9.43398113  431.89350539  429.11653429
   22.4053565   498.35629824  497.12473284   14.31782106  508.85164832
  514.57069485    7.61577311  481.11848852  477.41072464   14.4222051
  476.62773734  474.08859931    9.89949494  509.6067111   515.7315193     0.
  402.29466812  458.24556735  230.69677068  404.83329903  407.40397642
   37.86819246  417.6864853   451.65473539  114.15340556  423.06146126
  437.27108297   33.67491648   57.40209055   57.52390807   17.2626765 ]
[ 213.69370604  228.80996482  401.62420246  164.39282223  166.66133325
  392.42196677  161.53637361  163.48088573  402.1964694   330.9002871
  342.54926653  403.63969081  333.07056309  331.74086272  398.78691052
  288.63991408  289.64288357  402.97270379  278.24090282  293.85710813
  402.29466812    0.          230.62090105  308.13633346  315.5328826
  487.93954544  394.5465752    45.72745346  187.27786842  335.20143198
   69.02173571  139.3664235   393.01272244  368.686859    368.21732713
  404.78018726]
[ 126.54248298   99.07572861  457.90828776  144.99310328  133.87307422
  448.35365505  196.0204071   180.73737854  456.79754815  161.84869477
  137.71710133  459.24394389  173.42433509  168.3092392   453.60224867
  128.29263424  119.55333538  458.82567496  146.1027036   126.49901185
  458.24556735  230.62090105    0.          384.32538298  391.52905384
  366.43007518  453.53610661  234.60392154  102.25947389  404.01980149
  242.52834886  175.7754249   452.13161801  431.65032144  431.03828136
  462.20882726]
[ 334.77305746  343.80226875  230.4734258   358.8690569   358.09216691
  221.84904778  397.99497484  399.08395107  228.2630062   453.23614154
  460.73419669  231.58799623  424.26406871  422.04265187  228.17756244
  409.48870558  408.22910234  230.66642582  445.33582834  453.19311557
  230.69677068  308.13633346  384.32538298    0.          333.95059515
  422.68309642  222.11933729  331.89908105  377.24130209  195.45331924
  306.07515417  328.33671741  223.93079288  195.7753815   196.33644593
  232.06249158]
[ 404.25981744  412.97820766  406.74439148  379.61559504  381.82587655
  393.58099548  333.97155568  336.04910355  404.9728386   454.14975504
  463.41881705  407.63954666  451.29923554  450.10998656  406.27084562
  414.83490692  414.94095966  407.47515262  425.12468759  436.40004583
  404.83329903  315.5328826   391.52905384  333.95059515    0.
  447.29632236  391.45881009  317.47440842  366.51057284  350.82616778
  303.17816544  328.02743788  401.11843638  375.88695109  375.76455394
  408.4409382 ]
[ 349.25921606  348.78503408  408.15315753  403.88612256  399.94124568
  401.00623437  486.21085961  481.06236602  403.81802832  323.89813213
  320.33263961  407.87498085  287.14282161  276.97111763  406.44556831
  317.75147521  307.77914159  408.68080454  371.49293398  371.77009024
  407.40397642  487.93954544  366.43007518  422.68309642  447.29632236
    0.          405.11479854  496.04838474  379.37316721  398.68910193
  495.67025329  454.69110394  408.52417309  400.59580627  399.74366787
  410.60199707]
[ 396.43915044  403.38691104   38.92300091  426.15959452  423.50324674
   39.74921383  489.80506326  488.99386499   37.05401463  505.62832199
  511.48313755   39.47150871  477.21378857  473.45010297   41.40048309
  471.92584163  469.55084922   39.39543121  505.71830103  512.03222555
   37.86819246  394.5465752   453.53610661  222.11933729  391.45881009
  405.11479854    0.          410.29745308  446.04035692  104.94284159
  412.9854719   429.33669771   28.28427125   40.26164428   46.8508271
   36.98648402]
[ 222.12158832  236.50581388  417.03117389  164.22545479  166.4962462
  408.00490193  159.92810885  160.8197749   418.05143224  328.39610229
  340.20141093  419.08710312  337.80023683  336.29302699  414.45144468
  291.95205086  292.81393409  418.46385746  269.01115219  285.10875118
  417.6864853    45.72745346  234.60392154  331.89908105  317.47440842
  496.04838474  410.29745308    0.          181.03038419  354.01271164
   92.26592004  152.446712    408.286664    385.87174035  385.44389994
  420.15235332]
[ 115.16944039  118.94956915  451.13745134   88.90444308   83.86298349
  441.77143411  167.13168461  158.76712506  450.61846389  164.63292502
  169.18333251  452.72949981  177.72731923  171.30382366  447.85712007
  135.41787179  129.23621783  452.44005128  112.49444431  122.46223908
  451.65473539  187.27786842  102.25947389  377.24130209  366.51057284
  379.37316721  446.04035692  181.03038419    0.          396.17294203
  204.90729611  170.09409161  444.06305859  424.00117924  423.43712638
  454.84283   ]
[ 350.63798996  358.68370468  114.20157617  378.64363193  376.61386061
  107.43835442  429.42985457  429.36231786  111.68706281  467.82368474
  474.83681407  115.22586515  437.44485367  434.20041456  111.95981422
  427.03044388  425.52203233  114.75626345  463.07666752  470.64423931
  114.15340556  335.20143198  404.01980149  195.45331924  350.82616778
  398.68910193  104.94284159  354.01271164  396.17294203    0.
  352.21868207  371.44716986  106.83164325   87.21238444   86.56789243
  115.33863186]
[ 231.82105168  246.57250455  422.50680468  187.53932921  190.60954855
  412.4524215   158.30982282  162.89874155  422.33635884  341.44252811
  353.08072731  424.43256237  340.51431688  340.08234297  419.42699007
  294.57596643  296.39331976  423.58588267  292.71146202  308.08764987
  423.06146126   69.02173571  242.52834886  306.07515417  303.17816544
  495.67025329  412.9854719    92.26592004  204.90729611  352.21868207
    0.          125.11194987  412.01092219  385.84452828  385.7615844
  425.59722743]
[ 194.14942699  193.75499994  436.9885582   177.32456119  175.69575977
  426.04929292  144.00347218  143.49564453  436.03554901  282.6092709
  283.4060691   438.54532263  293.39563732  291.51157781  432.64303993
  241.77262045  240.81112931  437.86070845  249.76589039  251.39013505
  437.27108297  139.3664235   175.7754249   328.33671741  328.02743788
  454.69110394  429.33669771  152.446712    170.09409161  371.44716986
  125.11194987    0.          428.49737455  403.36707848  402.90569616
  440.91949379]
[ 392.8638441   399.73616299   32.01562119  423.1524548   420.39386294
   35.7211422   490.43552074  489.51302332   31.95309062  503.2395056
  508.99803536   33.37663854  475.64167185  471.89087722   32.89376841
  470.697355    468.28837269   32.49615362  503.00994026  509.21606416
   33.67491648  393.01272244  452.13161801  223.93079288  401.11843638
  408.52417309   28.28427125  408.286664    444.06305859  106.83164325
  412.01092219  428.49737455    0.           46.8508271    52.02883816
   29.59729717]
[ 373.96925007  381.44724406   57.44562647  403.5504925   400.99625933
   54.47017533  465.26551559  464.6783834    55.96427432  487.48230737
  493.73069583   58.89821729  458.60004361  454.95054676   56.77147171
  451.61820158  449.49193541   57.68015257  485.83742137  492.61952864
   57.40209055  368.686859    431.65032144  195.7753815   375.88695109
  400.59580627   40.26164428  385.87174035  424.00117924   87.21238444
  385.84452828  403.36707848   46.8508271     0.           23.49468025
   57.97413216]
[ 373.71780798  380.64419081   57.48043145  403.08683928  400.27240724
   53.54437412  464.93655481  464.08404411   56.05354583  487.22171544
  492.80624996   58.74521257  458.31430264  454.03524092   56.80668975
  451.47425176  448.71928864   57.71481612  485.51210078  491.83127188
   57.52390807  368.21732713  431.03828136  196.33644593  375.76455394
  399.74366787   46.8508271   385.44389994  423.43712638   86.56789243
  385.7615844   402.90569616   52.02883816   23.49468025    0.
   57.93962375]
[ 403.78459604  410.2328607    15.45962483  434.39613258  431.58660776
   26.03843313  502.2340092   500.98003952   18.68154169  512.73384909
  518.20362793   16.24807681  484.52554112  480.60274656   21.26029163
  480.75981529  478.00836813   17.94435844  513.09745663  519.01926747
   17.2626765   404.78018726  462.20882726  232.06249158  408.4409382
  410.60199707   36.98648402  420.15235332  454.84283     115.33863186
  425.59722743  440.91949379   29.59729717   57.97413216   57.93962375
    0.        ]
