{
 "cells": [
  {
   "cell_type": "markdown",
   "metadata": {},
   "source": [
    "# Similarity\n",
    "\n",
    "---\n",
    "\n",
    "<img src=\"https://raw.githubusercontent.com/jhyun0919/EnergyData_jhyun/master/docs/images/bluprint_similarity.jpg\" alt=\"Drawing\" style=\"width: 800px;\"/>\n",
    "\n",
    "## Abstract\n",
    "\n",
    "* blah blah"
   ]
  },
  {
   "cell_type": "markdown",
   "metadata": {},
   "source": [
    "---\n",
    "# 01. Build Similarity Model(Matrix)"
   ]
  },
  {
   "cell_type": "code",
   "execution_count": 1,
   "metadata": {
    "collapsed": true
   },
   "outputs": [],
   "source": [
    "from utils import GlobalParameter\n",
    "from utils import FileIO\n",
    "from utils import Similarity\n",
    "import os\n",
    "import pandas as pd"
   ]
  },
  {
   "cell_type": "code",
   "execution_count": 2,
   "metadata": {
    "collapsed": false
   },
   "outputs": [
    {
     "name": "stdout",
     "output_type": "stream",
     "text": [
      "\n",
      "Build Similarity Model\n",
      "calculate covariance\n",
      "calculate cosine_similarity\n",
      "calculate euclidean_distance\n",
      "calculate manhattan_distance\n",
      "calculate gradient_similarity\n",
      "calculate reversed_gradient_similarity\n"
     ]
    }
   ],
   "source": [
    "model, path = Similarity.Build.similarity_model(time_interval=GlobalParameter.TimeInterval, \n",
    "                                  refined_type=GlobalParameter.FullyPreprocessedPath)"
   ]
  },
  {
   "cell_type": "markdown",
   "metadata": {},
   "source": [
    "---\n",
    "### 01-00. File list "
   ]
  },
  {
   "cell_type": "code",
   "execution_count": 3,
   "metadata": {
    "collapsed": false
   },
   "outputs": [
    {
     "data": {
      "text/plain": [
       "array([ '/Users/JH/Documents/GitHub/EnergyData_jhyun/repository/1440/fully_refined/VTT_GW1_HA10_VM_EP_KV_K.bin',\n",
       "       '/Users/JH/Documents/GitHub/EnergyData_jhyun/repository/1440/fully_refined/VTT_GW1_HA10_VM_KV_K.bin',\n",
       "       '/Users/JH/Documents/GitHub/EnergyData_jhyun/repository/1440/fully_refined/VTT_GW1_HA10_VM_KV_KAM.bin',\n",
       "       '/Users/JH/Documents/GitHub/EnergyData_jhyun/repository/1440/fully_refined/VTT_GW1_HA11_VM_EP_KV_K.bin',\n",
       "       '/Users/JH/Documents/GitHub/EnergyData_jhyun/repository/1440/fully_refined/VTT_GW1_HA11_VM_KV_K.bin',\n",
       "       '/Users/JH/Documents/GitHub/EnergyData_jhyun/repository/1440/fully_refined/VTT_GW1_HA11_VM_KV_KAM.bin',\n",
       "       '/Users/JH/Documents/GitHub/EnergyData_jhyun/repository/1440/fully_refined/VTT_GW1_KIINT_KV_KAM.bin',\n",
       "       '/Users/JH/Documents/GitHub/EnergyData_jhyun/repository/1440/fully_refined/VTT_GW1_KIINT_KV_KO_KAM.bin',\n",
       "       '/Users/JH/Documents/GitHub/EnergyData_jhyun/repository/1440/fully_refined/VTT_GW1_TAVOIT_KV_KAM.bin',\n",
       "       '/Users/JH/Documents/GitHub/EnergyData_jhyun/repository/1440/fully_refined/VTT_GW2_HA31_VM_KV_K.bin',\n",
       "       '/Users/JH/Documents/GitHub/EnergyData_jhyun/repository/1440/fully_refined/VTT_GW2_HA35_VM_EP_KV_K.bin',\n",
       "       '/Users/JH/Documents/GitHub/EnergyData_jhyun/repository/1440/fully_refined/VTT_GW2_HA35_VM_KV_K.bin',\n",
       "       '/Users/JH/Documents/GitHub/EnergyData_jhyun/repository/1440/fully_refined/VTT_GW2_HA35_VM_KV_KAM.bin',\n",
       "       '/Users/JH/Documents/GitHub/EnergyData_jhyun/repository/1440/fully_refined/VTT_GW2_HA4_VM_EP_KV_K.bin',\n",
       "       '/Users/JH/Documents/GitHub/EnergyData_jhyun/repository/1440/fully_refined/VTT_GW2_HA4_VM_KV_K.bin',\n",
       "       '/Users/JH/Documents/GitHub/EnergyData_jhyun/repository/1440/fully_refined/VTT_GW2_HA4_VM_KV_KAM.bin'], \n",
       "      dtype='|S101')"
      ]
     },
     "execution_count": 3,
     "metadata": {},
     "output_type": "execute_result"
    }
   ],
   "source": [
    "model['file_list']"
   ]
  },
  {
   "cell_type": "markdown",
   "metadata": {},
   "source": [
    "---\n",
    "### 01-01. Cosine Similarity\n",
    "\n",
    "* blah blah about cosine similarity"
   ]
  },
  {
   "cell_type": "code",
   "execution_count": 4,
   "metadata": {
    "collapsed": false
   },
   "outputs": [
    {
     "data": {
      "text/plain": [
       "array([[  1.20011145e-06,   4.64656165e-02,   1.87699950e+00,\n",
       "          8.11008196e-02,   8.51220035e-02,   1.50251707e+00,\n",
       "          2.20486843e+00,   2.09883902e+00,   5.03661729e-01,\n",
       "          2.60972655e+00,   5.73118707e-01,   4.52012166e-01,\n",
       "          2.46423454e+00,   3.41036546e-01,   8.70315493e-02,\n",
       "          2.60633105e+00],\n",
       "       [  4.64656165e-02,   2.84370155e-05,   1.87296738e+00,\n",
       "          1.26049931e-01,   1.04897210e-01,   1.50981159e+00,\n",
       "          2.19333523e+00,   2.09156566e+00,   5.03740055e-01,\n",
       "          2.60972655e+00,   6.09692822e-01,   3.89283912e-01,\n",
       "          2.46647182e+00,   3.81530102e-01,   7.32197615e-02,\n",
       "          2.60636356e+00],\n",
       "       [  1.87699950e+00,   1.87296738e+00,   7.36829092e-05,\n",
       "          1.90188137e+00,   1.89727331e+00,   5.62332731e-01,\n",
       "          4.16133814e-01,   1.71675686e-01,   1.89373656e+00,\n",
       "          2.60972655e+00,   2.07821070e+00,   1.99395223e+00,\n",
       "          2.52157829e+00,   1.99816910e+00,   1.92019468e+00,\n",
       "          2.60735765e+00],\n",
       "       [  8.11008196e-02,   1.26049931e-01,   1.90188137e+00,\n",
       "          5.06267913e-05,   4.19715066e-03,   1.47506028e+00,\n",
       "          2.23686174e+00,   2.15031843e+00,   5.08633620e-01,\n",
       "          2.60972655e+00,   5.68104467e-01,   7.42771844e-01,\n",
       "          2.46339341e+00,   1.58505585e-01,   5.83453431e-02,\n",
       "          2.60923929e+00],\n",
       "       [  8.51220035e-02,   1.04897210e-01,   1.89727331e+00,\n",
       "          4.19715066e-03,   5.69169722e-05,   1.46988737e+00,\n",
       "          2.23100982e+00,   2.14505808e+00,   5.01455070e-01,\n",
       "          2.60972655e+00,   5.70901653e-01,   7.17241972e-01,\n",
       "          2.46380161e+00,   1.62489706e-01,   5.12696513e-02,\n",
       "          2.60917578e+00],\n",
       "       [  1.50251707e+00,   1.50981159e+00,   5.62332731e-01,\n",
       "          1.47506028e+00,   1.46988737e+00,   6.45061550e-06,\n",
       "          8.29469112e-01,   6.11650042e-01,   1.33687654e+00,\n",
       "          2.60972655e+00,   1.65408898e+00,   1.66560361e+00,\n",
       "          2.60357069e+00,   1.58970085e+00,   1.50393953e+00,\n",
       "          2.59389218e+00],\n",
       "       [  2.20486843e+00,   2.19333523e+00,   4.16133814e-01,\n",
       "          2.23686174e+00,   2.23100982e+00,   8.29469112e-01,\n",
       "          1.37071374e-04,   2.63890028e-01,   2.17920923e+00,\n",
       "          2.60972655e+00,   2.24366797e+00,   2.25657818e+00,\n",
       "          2.57086179e+00,   2.26892216e+00,   2.24892788e+00,\n",
       "          2.60024181e+00],\n",
       "       [  2.09883902e+00,   2.09156566e+00,   1.71675686e-01,\n",
       "          2.15031843e+00,   2.14505808e+00,   6.11650042e-01,\n",
       "          2.63890028e-01,   9.05556841e-05,   2.08409635e+00,\n",
       "          2.60972655e+00,   2.20695250e+00,   2.11002568e+00,\n",
       "          2.56694345e+00,   2.23262770e+00,   2.15637004e+00,\n",
       "          2.59925061e+00],\n",
       "       [  5.03661729e-01,   5.03740055e-01,   1.89373656e+00,\n",
       "          5.08633620e-01,   5.01455070e-01,   1.33687654e+00,\n",
       "          2.17920923e+00,   2.08409635e+00,   5.30343403e-06,\n",
       "          2.60972655e+00,   5.05555546e-01,   7.26843601e-01,\n",
       "          2.46150697e+00,   6.45656648e-01,   5.03783047e-01,\n",
       "          2.49175212e+00],\n",
       "       [  2.60972655e+00,   2.60972655e+00,   2.60972655e+00,\n",
       "          2.60972655e+00,   2.60972655e+00,   2.60972655e+00,\n",
       "          2.60972655e+00,   2.60972655e+00,   2.60972655e+00,\n",
       "          2.60972655e+00,   2.60972655e+00,   2.60972655e+00,\n",
       "          2.60972655e+00,   2.60972655e+00,   2.60972655e+00,\n",
       "          2.60972655e+00],\n",
       "       [  5.73118707e-01,   6.09692822e-01,   2.07821070e+00,\n",
       "          5.68104467e-01,   5.70901653e-01,   1.65408898e+00,\n",
       "          2.24366797e+00,   2.20695250e+00,   5.05555546e-01,\n",
       "          2.60972655e+00,   4.01408583e-05,   1.03365799e+00,\n",
       "          2.38893325e+00,   3.84637122e-01,   5.66420006e-01,\n",
       "          2.60972655e+00],\n",
       "       [  4.52012166e-01,   3.89283912e-01,   1.99395223e+00,\n",
       "          7.42771844e-01,   7.17241972e-01,   1.66560361e+00,\n",
       "          2.25657818e+00,   2.11002568e+00,   7.26843601e-01,\n",
       "          2.60972655e+00,   1.03365799e+00,   2.87795344e-05,\n",
       "          2.44223321e+00,   1.26568023e+00,   5.82429191e-01,\n",
       "          2.60600630e+00],\n",
       "       [  2.46423454e+00,   2.46647182e+00,   2.52157829e+00,\n",
       "          2.46339341e+00,   2.46380161e+00,   2.60357069e+00,\n",
       "          2.57086179e+00,   2.56694345e+00,   2.46150697e+00,\n",
       "          2.60972655e+00,   2.38893325e+00,   2.44223321e+00,\n",
       "          1.97350934e-05,   2.47186299e+00,   2.48273136e+00,\n",
       "          2.60972655e+00],\n",
       "       [  3.41036546e-01,   3.81530102e-01,   1.99816910e+00,\n",
       "          1.58505585e-01,   1.62489706e-01,   1.58970085e+00,\n",
       "          2.26892216e+00,   2.23262770e+00,   6.45656648e-01,\n",
       "          2.60972655e+00,   3.84637122e-01,   1.26568023e+00,\n",
       "          2.47186299e+00,   3.52469688e-05,   2.13974132e-01,\n",
       "          2.60972655e+00],\n",
       "       [  8.70315493e-02,   7.32197615e-02,   1.92019468e+00,\n",
       "          5.83453431e-02,   5.12696513e-02,   1.50393953e+00,\n",
       "          2.24892788e+00,   2.15637004e+00,   5.03783047e-01,\n",
       "          2.60972655e+00,   5.66420006e-01,   5.82429191e-01,\n",
       "          2.48273136e+00,   2.13974132e-01,   3.24616784e-05,\n",
       "          2.60746361e+00],\n",
       "       [  2.60633105e+00,   2.60636356e+00,   2.60735765e+00,\n",
       "          2.60923929e+00,   2.60917578e+00,   2.59389218e+00,\n",
       "          2.60024181e+00,   2.59925061e+00,   2.49175212e+00,\n",
       "          2.60972655e+00,   2.60972655e+00,   2.60600630e+00,\n",
       "          2.60972655e+00,   2.60972655e+00,   2.60746361e+00,\n",
       "          7.64334413e-04]])"
      ]
     },
     "execution_count": 4,
     "metadata": {},
     "output_type": "execute_result"
    }
   ],
   "source": [
    "model['cosine_similarity']"
   ]
  },
  {
   "cell_type": "markdown",
   "metadata": {},
   "source": [
    "---\n",
    "### 01-02. Covariance\n",
    "\n",
    "* blah blah about covariance"
   ]
  },
  {
   "cell_type": "code",
   "execution_count": 5,
   "metadata": {
    "collapsed": false
   },
   "outputs": [
    {
     "data": {
      "text/plain": [
       "array([[ 0.13623842,  2.33809124,  4.07062282,  2.31568973,  2.33518802,\n",
       "         4.10317291,  4.20129048,  4.18060462,  3.41600058,  4.22134671,\n",
       "         3.05155064,  3.28924781,  4.17575552,  2.60526706,  2.38302838,\n",
       "         4.23089545],\n",
       "       [ 2.33809124,  0.17357438,  4.08680078,  2.36738884,  2.35169314,\n",
       "         4.18640645,  4.214868  ,  4.20242869,  3.65854316,  4.22134671,\n",
       "         3.13048895,  3.36188404,  4.17809474,  2.59667687,  2.36139957,\n",
       "         4.23331664],\n",
       "       [ 4.07062282,  4.08680078,  1.20041459,  4.06865269,  4.07077901,\n",
       "         3.45630613,  3.51036595,  3.38839847,  4.11015063,  4.22134671,\n",
       "         4.16651402,  4.21845272,  4.2002452 ,  4.09452885,  4.10574429,\n",
       "         4.22270074],\n",
       "       [ 2.31568973,  2.36738884,  4.06865269,  0.00563467,  2.11928484,\n",
       "         4.01627262,  4.20625883,  4.19785498,  3.20994453,  4.22134671,\n",
       "         2.98034571,  3.72979611,  4.17281313,  2.32254386,  2.23165126,\n",
       "         4.22994679],\n",
       "       [ 2.33518802,  2.35169314,  4.07077901,  2.11928484,  0.        ,\n",
       "         4.02755071,  4.20805823,  4.2015691 ,  3.25275202,  4.22134671,\n",
       "         2.9929877 ,  3.75195947,  4.17339748,  2.31045063,  2.22831549,\n",
       "         4.23043884],\n",
       "       [ 4.10317291,  4.18640645,  3.45630613,  4.01627262,  4.02755071,\n",
       "         1.04063725,  3.5857809 ,  3.47453602,  3.98434312,  4.22134671,\n",
       "         4.09539331,  4.40597232,  4.24399064,  4.00608015,  4.10216473,\n",
       "         4.22339777],\n",
       "       [ 4.20129048,  4.214868  ,  3.51036595,  4.20625883,  4.20805823,\n",
       "         3.5857809 ,  1.31544741,  3.47277536,  4.20331075,  4.22134671,\n",
       "         4.18388609,  4.28323329,  4.21544686,  4.18847349,  4.23664816,\n",
       "         4.22176496],\n",
       "       [ 4.18060462,  4.20242869,  3.38839847,  4.19785498,  4.2015691 ,\n",
       "         3.47453602,  3.47277536,  1.23150082,  4.19701017,  4.22134671,\n",
       "         4.20258877,  4.22904537,  4.21538973,  4.20386493,  4.22929192,\n",
       "         4.22194876],\n",
       "       [ 3.41600058,  3.65854316,  4.11015063,  3.20994453,  3.25275202,\n",
       "         3.98434312,  4.20331075,  4.19701017,  0.21752653,  4.22134671,\n",
       "         2.94597062,  4.35023243,  4.17356034,  3.08362452,  3.3991473 ,\n",
       "         4.21540564],\n",
       "       [ 4.22134671,  4.22134671,  4.22134671,  4.22134671,  4.22134671,\n",
       "         4.22134671,  4.22134671,  4.22134671,  4.22134671,  2.11067335,\n",
       "         4.22134671,  4.22134671,  4.22134671,  4.22134671,  4.22134671,\n",
       "         4.22134671],\n",
       "       [ 3.05155064,  3.13048895,  4.16651402,  2.98034571,  2.9929877 ,\n",
       "         4.09539331,  4.18388609,  4.20258877,  2.94597062,  4.22134671,\n",
       "         0.07198599,  3.95873005,  4.11892321,  2.66952718,  3.01547596,\n",
       "         4.22794809],\n",
       "       [ 3.28924781,  3.36188404,  4.21845272,  3.72979611,  3.75195947,\n",
       "         4.40597232,  4.28323329,  4.22904537,  4.35023243,  4.22134671,\n",
       "         3.95873005,  0.1018827 ,  4.15106643,  4.23144672,  3.59915749,\n",
       "         4.23427351],\n",
       "       [ 4.17575552,  4.17809474,  4.2002452 ,  4.17281313,  4.17339748,\n",
       "         4.24399064,  4.21544686,  4.21538973,  4.17356034,  4.22134671,\n",
       "         4.11892321,  4.15106643,  1.13489386,  4.17590761,  4.19115634,\n",
       "         4.22159405],\n",
       "       [ 2.60526706,  2.59667687,  4.09452885,  2.32254386,  2.31045063,\n",
       "         4.00608015,  4.18847349,  4.20386493,  3.08362452,  4.22134671,\n",
       "         2.66952718,  4.23144672,  4.17590761,  0.08189305,  2.36874618,\n",
       "         4.22723559],\n",
       "       [ 2.38302838,  2.36139957,  4.10574429,  2.23165126,  2.22831549,\n",
       "         4.10216473,  4.23664816,  4.22929192,  3.3991473 ,  4.22134671,\n",
       "         3.01547596,  3.59915749,  4.19115634,  2.36874618,  0.05111777,\n",
       "         4.23125573],\n",
       "       [ 4.23089545,  4.23331664,  4.22270074,  4.22994679,  4.23043884,\n",
       "         4.22339777,  4.22176496,  4.22194876,  4.21540564,  4.22134671,\n",
       "         4.22794809,  4.23427351,  4.22159405,  4.22723559,  4.23125573,\n",
       "         2.08684122]])"
      ]
     },
     "execution_count": 5,
     "metadata": {},
     "output_type": "execute_result"
    }
   ],
   "source": [
    "model['covariance']"
   ]
  },
  {
   "cell_type": "markdown",
   "metadata": {},
   "source": [
    "---\n",
    "### 01-03. Euclidean Distance \n",
    "\n",
    "* blah blah about euclidean distance"
   ]
  },
  {
   "cell_type": "code",
   "execution_count": 6,
   "metadata": {
    "collapsed": false
   },
   "outputs": [
    {
     "data": {
      "text/plain": [
       "array([[ 0.        ,  0.72426899,  2.73530859,  0.70381753,  0.71325932,\n",
       "         2.56182335,  2.8624084 ,  2.8317923 ,  1.93119555,  2.81457954,\n",
       "         1.76226294,  1.95594799,  3.00341731,  1.41531798,  0.73711553,\n",
       "         2.82074431],\n",
       "       [ 0.72426899,  0.        ,  3.14107521,  1.10925984,  1.00705027,\n",
       "         2.9567674 ,  3.27239009,  3.23924965,  2.02369165,  3.25932907,\n",
       "         2.10430026,  1.8510692 ,  3.41589621,  1.79866397,  0.82094878,\n",
       "         3.26462279],\n",
       "       [ 2.73530859,  3.14107521,  0.        ,  2.57557392,  2.64869319,\n",
       "         0.90451044,  0.66711871,  0.43740179,  3.14679339,  1.21985579,\n",
       "         2.36306565,  3.40112319,  1.693602  ,  2.24000986,  2.81041677,\n",
       "         1.23440663],\n",
       "       [ 0.70381753,  1.10925984,  2.57557392,  0.        ,  0.17311889,\n",
       "         2.38289641,  2.70019632,  2.68139417,  1.9304308 ,  2.6232545 ,\n",
       "         1.65079448,  2.43238814,  2.82913727,  0.94213805,  0.63270149,\n",
       "         2.63009704],\n",
       "       [ 0.71325932,  1.00705027,  2.64869319,  0.17311889,  0.        ,\n",
       "         2.45062498,  2.77489395,  2.75522054,  1.91988911,  2.70755861,\n",
       "         1.69890285,  2.40059084,  2.90567749,  1.00454495,  0.57791053,\n",
       "         2.71418292],\n",
       "       [ 2.56182335,  2.9567674 ,  0.90451044,  2.38289641,  2.45062498,\n",
       "         0.        ,  1.06981103,  0.93744478,  2.84446782,  1.45298538,\n",
       "         2.21577579,  3.24616766,  1.89297002,  2.09941697,  2.61439409,\n",
       "         1.46422264],\n",
       "       [ 2.8624084 ,  3.27239009,  0.66711871,  2.70019632,  2.77489395,\n",
       "         1.06981103,  0.        ,  0.52154948,  3.26196461,  1.11645481,\n",
       "         2.40056729,  3.50381642,  1.6390609 ,  2.32131408,  2.93641205,\n",
       "         1.13183988],\n",
       "       [ 2.8317923 ,  3.23924965,  0.43740179,  2.68139417,  2.75522054,\n",
       "         0.93744478,  0.52154948,  0.        ,  3.23147374,  1.18404417,\n",
       "         2.40803305,  3.45056934,  1.68381528,  2.33096373,  2.91253303,\n",
       "         1.19845169],\n",
       "       [ 1.93119555,  2.02369165,  3.14679339,  1.9304308 ,  1.91988911,\n",
       "         2.84446782,  3.26196461,  3.23147374,  0.        ,  3.25465482,\n",
       "         1.95443048,  2.51991488,  3.40931862,  2.15925811,  1.93821269,\n",
       "         3.25161262],\n",
       "       [ 2.81457954,  3.25932907,  1.21985579,  2.6232545 ,  2.70755861,\n",
       "         1.45298538,  1.11645481,  1.18404417,  3.25465482,  0.        ,\n",
       "         2.28750836,  3.47569317,  1.21676188,  2.18620564,  2.87461626,\n",
       "         0.19008546],\n",
       "       [ 1.76226294,  2.10430026,  2.36306565,  1.65079448,  1.69890285,\n",
       "         2.21577579,  2.40056729,  2.40803305,  1.95443048,  2.28750836,\n",
       "         0.        ,  2.77666158,  2.49844612,  1.2183588 ,  1.78859978,\n",
       "         2.29539256],\n",
       "       [ 1.95594799,  1.8510692 ,  3.40112319,  2.43238814,  2.40059084,\n",
       "         3.24616766,  3.50381642,  3.45056934,  2.51991488,  3.47569317,\n",
       "         2.77666158,  0.        ,  3.60806012,  3.00552726,  2.19566405,\n",
       "         3.48061663],\n",
       "       [ 3.00341731,  3.41589621,  1.693602  ,  2.82913727,  2.90567749,\n",
       "         1.89297002,  1.6390609 ,  1.68381528,  3.40931862,  1.21676188,\n",
       "         2.49844612,  3.60806012,  0.        ,  2.4451906 ,  3.06651508,\n",
       "         1.23152018],\n",
       "       [ 1.41531798,  1.79866397,  2.24000986,  0.94213805,  1.00454495,\n",
       "         2.09941697,  2.32131408,  2.33096373,  2.15925811,  2.18620564,\n",
       "         1.2183588 ,  3.00552726,  2.4451906 ,  0.        ,  1.22662314,\n",
       "         2.19445382],\n",
       "       [ 0.73711553,  0.82094878,  2.81041677,  0.63270149,  0.57791053,\n",
       "         2.61439409,  2.93641205,  2.91253303,  1.93821269,  2.87461626,\n",
       "         1.78859978,  2.19566405,  3.06651508,  1.22662314,  0.        ,\n",
       "         2.88072971],\n",
       "       [ 2.82074431,  3.26462279,  1.23440663,  2.63009704,  2.71418292,\n",
       "         1.46422264,  1.13183988,  1.19845169,  3.25161262,  0.19008546,\n",
       "         2.29539256,  3.48061663,  1.23152018,  2.19445382,  2.88072971,\n",
       "         0.        ]])"
      ]
     },
     "execution_count": 6,
     "metadata": {},
     "output_type": "execute_result"
    }
   ],
   "source": [
    "model['euclidean_distance']"
   ]
  },
  {
   "cell_type": "markdown",
   "metadata": {},
   "source": [
    "---\n",
    "### 01-04. Manhattan Distance \n",
    "\n",
    "* blah blah about manhatan distance"
   ]
  },
  {
   "cell_type": "code",
   "execution_count": 7,
   "metadata": {
    "collapsed": false
   },
   "outputs": [
    {
     "data": {
      "text/plain": [
       "array([[ 0.        ,  0.62813394,  2.28587098,  0.63598591,  0.67808187,\n",
       "         1.96595515,  2.3964241 ,  2.33516666,  1.93294241,  2.52604404,\n",
       "         1.68055995,  1.97464544,  2.46858757,  1.14680491,  0.71730003,\n",
       "         2.53350639],\n",
       "       [ 0.62813394,  0.        ,  2.90617939,  1.11262468,  1.02441598,\n",
       "         2.57575734,  3.00849382,  2.95843794,  2.02480627,  3.15417798,\n",
       "         2.1577985 ,  1.6748546 ,  3.09635233,  1.68037724,  0.80760768,\n",
       "         3.16159639],\n",
       "       [ 2.28587098,  2.90617939,  0.        ,  1.99187554,  2.11608096,\n",
       "         0.65694892,  0.28708283,  0.24174809,  2.9075141 ,  0.37682774,\n",
       "         1.56458925,  3.15543917,  0.37382475,  1.42813224,  2.37833591,\n",
       "         0.38449868],\n",
       "       [ 0.63598591,  1.11262468,  1.99187554,  0.        ,  0.12677714,\n",
       "         1.74655193,  2.07467374,  2.01733623,  1.78582922,  2.1861116 ,\n",
       "         1.55729655,  2.46614293,  2.14141395,  0.78482086,  0.53701634,\n",
       "         2.19383296],\n",
       "       [ 0.67808187,  1.02441598,  2.11608096,  0.12677714,  0.        ,\n",
       "         1.86485204,  2.18939391,  2.1423542 ,  1.74125536,  2.31288874,\n",
       "         1.65456419,  2.41634259,  2.26751016,  0.89728941,  0.49323926,\n",
       "         2.32060344],\n",
       "       [ 1.96595515,  2.57575734,  0.65694892,  1.74655193,  1.86485204,\n",
       "         0.        ,  0.68795847,  0.64216488,  2.59892423,  0.7969619 ,\n",
       "         1.57236199,  3.02375476,  0.78662411,  1.36687455,  2.15388192,\n",
       "         0.80400344],\n",
       "       [ 2.3964241 ,  3.00849382,  0.28708283,  2.07467374,  2.18939391,\n",
       "         0.68795847,  0.        ,  0.09027298,  3.02217128,  0.33405373,\n",
       "         1.6568018 ,  3.27064716,  0.30669453,  1.49466587,  2.45772095,\n",
       "         0.34148379],\n",
       "       [ 2.33516666,  2.95843794,  0.24174809,  2.01733623,  2.1423542 ,\n",
       "         0.64216488,  0.09027298,  0.        ,  2.97094121,  0.3493369 ,\n",
       "         1.6161181 ,  3.22135657,  0.31061106,  1.45918739,  2.41248475,\n",
       "         0.35671018],\n",
       "       [ 1.93294241,  2.02480627,  2.9075141 ,  1.78582922,  1.74125536,\n",
       "         2.59892423,  3.02217128,  2.97094121,  0.        ,  3.16157332,\n",
       "         1.69431697,  2.41153385,  3.09914565,  1.85646799,  1.75847495,\n",
       "         3.15732165],\n",
       "       [ 2.52604404,  3.15417798,  0.37682774,  2.1861116 ,  2.31288874,\n",
       "         0.7969619 ,  0.33405373,  0.3493369 ,  3.16157332,  0.        ,\n",
       "         1.66613944,  3.41959443,  0.19200868,  1.48630967,  2.57992975,\n",
       "         0.00776135],\n",
       "       [ 1.68055995,  2.1577985 ,  1.56458925,  1.55729655,  1.65456419,\n",
       "         1.57236199,  1.6568018 ,  1.6161181 ,  1.69431697,  1.66613944,\n",
       "         0.        ,  2.02746477,  1.60965806,  0.93089043,  1.85512032,\n",
       "         1.6739008 ],\n",
       "       [ 1.97464544,  1.6748546 ,  3.15543917,  2.46614293,  2.41634259,\n",
       "         3.02375476,  3.27064716,  3.22135657,  2.41153385,  3.41959443,\n",
       "         2.02746477,  0.        ,  3.3629659 ,  2.8016415 ,  2.160811  ,\n",
       "         3.42695123],\n",
       "       [ 2.46858757,  3.09635233,  0.37382475,  2.14141395,  2.26751016,\n",
       "         0.78662411,  0.30669453,  0.31061106,  3.09914565,  0.19200868,\n",
       "         1.60965806,  3.3629659 ,  0.        ,  1.44215652,  2.53314296,\n",
       "         0.19977004],\n",
       "       [ 1.14680491,  1.68037724,  1.42813224,  0.78482086,  0.89728941,\n",
       "         1.36687455,  1.49466587,  1.45918739,  1.85646799,  1.48630967,\n",
       "         0.93089043,  2.8016415 ,  1.44215652,  0.        ,  1.09370622,\n",
       "         1.49407102],\n",
       "       [ 0.71730003,  0.80760768,  2.37833591,  0.53701634,  0.49323926,\n",
       "         2.15388192,  2.45772095,  2.41248475,  1.75847495,  2.57992975,\n",
       "         1.85512032,  2.160811  ,  2.53314296,  1.09370622,  0.        ,\n",
       "         2.58748758],\n",
       "       [ 2.53350639,  3.16159639,  0.38449868,  2.19383296,  2.32060344,\n",
       "         0.80400344,  0.34148379,  0.35671018,  3.15732165,  0.00776135,\n",
       "         1.6739008 ,  3.42695123,  0.19977004,  1.49407102,  2.58748758,\n",
       "         0.        ]])"
      ]
     },
     "execution_count": 7,
     "metadata": {},
     "output_type": "execute_result"
    }
   ],
   "source": [
    "model['manhattan_distance']"
   ]
  },
  {
   "cell_type": "markdown",
   "metadata": {},
   "source": [
    "---\n",
    "### 01-05. Gradient Similarity\n",
    "\n",
    "* blah blah about gradient similarity"
   ]
  },
  {
   "cell_type": "code",
   "execution_count": 8,
   "metadata": {
    "collapsed": false
   },
   "outputs": [
    {
     "data": {
      "text/plain": [
       "array([[ 0.        ,  0.11366711,  2.04185619,  0.25102075,  0.28032034,\n",
       "         2.75495537,  2.10285036,  1.85067596,  0.40013454,  0.31756543,\n",
       "         0.43765451,  0.5145914 ,  1.5969794 ,  0.29651003,  0.32316426,\n",
       "         0.44384714],\n",
       "       [ 0.11366711,  0.        ,  2.10210924,  0.29260353,  0.28371429,\n",
       "         2.82556488,  2.18237017,  1.92806682,  0.42041499,  0.33822413,\n",
       "         0.43943182,  0.46242326,  1.6070813 ,  0.31052392,  0.3151906 ,\n",
       "         0.46446532],\n",
       "       [ 2.04185619,  2.10210924,  0.        ,  2.08500487,  2.11120838,\n",
       "         2.14705624,  1.93961579,  1.41308755,  2.0488974 ,  1.97853882,\n",
       "         2.20748893,  2.44318474,  3.19076547,  2.01326707,  2.17376158,\n",
       "         2.10490345],\n",
       "       [ 0.25102075,  0.29260353,  2.08500487,  0.        ,  0.0426564 ,\n",
       "         2.70404855,  2.08657756,  1.83600793,  0.31371386,  0.23105844,\n",
       "         0.39423812,  0.52450469,  1.52912527,  0.23613521,  0.30530966,\n",
       "         0.35716135],\n",
       "       [ 0.28032034,  0.28371429,  2.11120838,  0.0426564 ,  0.        ,\n",
       "         2.72206356,  2.11186895,  1.86090439,  0.32048717,  0.23782545,\n",
       "         0.39689329,  0.51004796,  1.53392638,  0.2407564 ,  0.29995703,\n",
       "         0.36391159],\n",
       "       [ 2.75495537,  2.82556488,  2.14705624,  2.70404855,  2.72206356,\n",
       "         0.        ,  2.57325184,  2.17025528,  2.73892788,  2.6646046 ,\n",
       "         2.85255886,  3.08050922,  3.79630397,  2.69236329,  2.8380728 ,\n",
       "         2.78919204],\n",
       "       [ 2.10285036,  2.18237017,  1.93961579,  2.08657756,  2.11186895,\n",
       "         2.57325184,  0.        ,  0.77998023,  2.06554514,  1.98213295,\n",
       "         2.2431455 ,  2.48345908,  3.23215313,  2.02922769,  2.20992123,\n",
       "         2.10849758],\n",
       "       [ 1.85067596,  1.92806682,  1.41308755,  1.83600793,  1.86090439,\n",
       "         2.17025528,  0.77998023,  0.        ,  1.82089175,  1.73747956,\n",
       "         1.98882696,  2.22758422,  2.97487905,  1.77888528,  1.95618234,\n",
       "         1.86384419],\n",
       "       [ 0.40013454,  0.42041499,  2.0488974 ,  0.31371386,  0.32048717,\n",
       "         2.73892788,  2.06554514,  1.82089175,  0.        ,  0.08341218,\n",
       "         0.46761325,  0.7261826 ,  1.48619641,  0.21342675,  0.41475034,\n",
       "         0.20977681],\n",
       "       [ 0.31756543,  0.33822413,  1.97853882,  0.23105844,  0.23782545,\n",
       "         2.6646046 ,  1.98213295,  1.73747956,  0.08341218,  0.        ,\n",
       "         0.38420107,  0.64527431,  1.40278423,  0.13001456,  0.33528793,\n",
       "         0.12636463],\n",
       "       [ 0.43765451,  0.43943182,  2.20748893,  0.39423812,  0.39689329,\n",
       "         2.85255886,  2.2431455 ,  1.98882696,  0.46761325,  0.38420107,\n",
       "         0.        ,  0.36536593,  1.3723078 ,  0.30607897,  0.48744998,\n",
       "         0.5105657 ],\n",
       "       [ 0.5145914 ,  0.46242326,  2.44318474,  0.52450469,  0.51004796,\n",
       "         3.08050922,  2.48345908,  2.22758422,  0.7261826 ,  0.64527431,\n",
       "         0.36536593,  0.        ,  1.62467302,  0.57260879,  0.520216  ,\n",
       "         0.77158537],\n",
       "       [ 1.5969794 ,  1.6070813 ,  3.19076547,  1.52912527,  1.53392638,\n",
       "         3.79630397,  3.23215313,  2.97487905,  1.48619641,  1.40278423,\n",
       "         1.3723078 ,  1.62467302,  0.        ,  1.43299043,  1.63082269,\n",
       "         1.52914886],\n",
       "       [ 0.29651003,  0.31052392,  2.01326707,  0.23613521,  0.2407564 ,\n",
       "         2.69236329,  2.02922769,  1.77888528,  0.21342675,  0.13001456,\n",
       "         0.30607897,  0.57260879,  1.43299043,  0.        ,  0.21490463,\n",
       "         0.25637919],\n",
       "       [ 0.32316426,  0.3151906 ,  2.17376158,  0.30530966,  0.29995703,\n",
       "         2.8380728 ,  2.20992123,  1.95618234,  0.41475034,  0.33528793,\n",
       "         0.48744998,  0.520216  ,  1.63082269,  0.21490463,  0.        ,\n",
       "         0.46152851],\n",
       "       [ 0.44384714,  0.46446532,  2.10490345,  0.35716135,  0.36391159,\n",
       "         2.78919204,  2.10849758,  1.86384419,  0.20977681,  0.12636463,\n",
       "         0.5105657 ,  0.77158537,  1.52914886,  0.25637919,  0.46152851,\n",
       "         0.        ]])"
      ]
     },
     "execution_count": 8,
     "metadata": {},
     "output_type": "execute_result"
    }
   ],
   "source": [
    "model['gradient_similarity']"
   ]
  },
  {
   "cell_type": "markdown",
   "metadata": {},
   "source": [
    "---\n",
    "### 01-06. Reversed-Gradient Similarity\n",
    "\n",
    "* blah blah about reversed gradient similarity"
   ]
  },
  {
   "cell_type": "code",
   "execution_count": 9,
   "metadata": {
    "collapsed": false
   },
   "outputs": [
    {
     "data": {
      "text/plain": [
       "array([[ 0.56736257,  0.58581699,  1.90641063,  0.49008585,  0.49613083,\n",
       "         2.50196203,  1.94850145,  1.72240726,  0.35819341,  0.28368128,\n",
       "         0.6268882 ,  0.860105  ,  1.44891554,  0.39830525,  0.58173973,\n",
       "         0.39596277],\n",
       "       [ 0.58581699,  0.60427142,  1.93135996,  0.50854028,  0.51458525,\n",
       "         2.51764149,  1.97334201,  1.74891215,  0.37664784,  0.30213571,\n",
       "         0.64534263,  0.87855943,  1.45786595,  0.41675968,  0.60008069,\n",
       "         0.41415874],\n",
       "       [ 1.90641063,  1.93135996,  3.53485856,  1.87837972,  1.88709488,\n",
       "         3.78704769,  3.39722151,  3.16258899,  1.84194141,  1.76742928,\n",
       "         1.95121894,  2.14861642,  2.82993439,  1.78867854,  1.93279573,\n",
       "         1.86829795],\n",
       "       [ 0.49008585,  0.50854028,  1.87837972,  0.41280913,  0.41885411,\n",
       "         2.44438145,  1.88964248,  1.6638799 ,  0.28091669,  0.20640457,\n",
       "         0.54588702,  0.77910382,  1.38280468,  0.32241852,  0.50574019,\n",
       "         0.31900489],\n",
       "       [ 0.49613083,  0.51458525,  1.88709488,  0.41885411,  0.42489909,\n",
       "         2.45696497,  1.89957763,  1.67414708,  0.28696167,  0.21244954,\n",
       "         0.55169706,  0.78491386,  1.38621806,  0.32844728,  0.51184271,\n",
       "         0.32502188],\n",
       "       [ 2.50196203,  2.51764149,  3.78704769,  2.44438145,  2.45696497,\n",
       "         4.76058406,  4.00302218,  3.77501485,  2.44928477,  2.38029203,\n",
       "         2.50933343,  2.72894982,  3.43105654,  2.39575057,  2.53292757,\n",
       "         2.4866675 ],\n",
       "       [ 1.94850145,  1.97334201,  3.39722151,  1.88964248,  1.89957763,\n",
       "         4.00302218,  3.54127983,  3.30352153,  1.84388871,  1.77063992,\n",
       "         2.00016104,  2.21378615,  2.93406339,  1.8224814 ,  1.98192358,\n",
       "         1.88165812],\n",
       "       [ 1.72240726,  1.74891215,  3.16258899,  1.6638799 ,  1.67414708,\n",
       "         3.77501485,  3.30352153,  3.10418195,  1.62505841,  1.55209098,\n",
       "         1.77014893,  1.98199193,  2.70468054,  1.59816393,  1.75493602,\n",
       "         1.66272657],\n",
       "       [ 0.35819341,  0.37664784,  1.84194141,  0.28091669,  0.28696167,\n",
       "         2.44928477,  1.84388871,  1.62505841,  0.14902425,  0.07451213,\n",
       "         0.41771905,  0.65093585,  1.32761967,  0.19065417,  0.37402493,\n",
       "         0.18739368],\n",
       "       [ 0.28368128,  0.30213571,  1.76742928,  0.20640457,  0.21244954,\n",
       "         2.38029203,  1.77063992,  1.55209098,  0.07451213,  0.        ,\n",
       "         0.34320692,  0.57642372,  1.25310754,  0.11614204,  0.2995128 ,\n",
       "         0.11288156],\n",
       "       [ 0.6268882 ,  0.64534263,  1.95121894,  0.54588702,  0.55169706,\n",
       "         2.50933343,  2.00016104,  1.77014893,  0.41771905,  0.34320692,\n",
       "         0.68641384,  0.91963064,  1.44041912,  0.45783089,  0.64102718,\n",
       "         0.4520914 ],\n",
       "       [ 0.860105  ,  0.87855943,  2.14861642,  0.77910382,  0.78491386,\n",
       "         2.72894982,  2.21378615,  1.98199193,  0.65093585,  0.57642372,\n",
       "         0.91963064,  1.15284744,  1.72122375,  0.69108702,  0.87431982,\n",
       "         0.68821827],\n",
       "       [ 1.44891554,  1.45786595,  2.82993439,  1.38280468,  1.38621806,\n",
       "         3.43105654,  2.93406339,  2.70468054,  1.32761967,  1.25310754,\n",
       "         1.44041912,  1.72122375,  2.50621509,  1.29077655,  1.46354698,\n",
       "         1.35503996],\n",
       "       [ 0.39830525,  0.41675968,  1.78867854,  0.32241852,  0.32844728,\n",
       "         2.39575057,  1.8224814 ,  1.59816393,  0.19065417,  0.11614204,\n",
       "         0.45783089,  0.69108702,  1.29077655,  0.23228409,  0.41551592,\n",
       "         0.22779492],\n",
       "       [ 0.58173973,  0.60008069,  1.93279573,  0.50574019,  0.51184271,\n",
       "         2.53292757,  1.98192358,  1.75493602,  0.37402493,  0.2995128 ,\n",
       "         0.64102718,  0.87431982,  1.46354698,  0.41551592,  0.5990256 ,\n",
       "         0.41239436],\n",
       "       [ 0.39596277,  0.41415874,  1.86829795,  0.31900489,  0.32502188,\n",
       "         2.4866675 ,  1.88165812,  1.66272657,  0.18739368,  0.11288156,\n",
       "         0.4520914 ,  0.68821827,  1.35503996,  0.22779492,  0.41239436,\n",
       "         0.22576312]])"
      ]
     },
     "execution_count": 9,
     "metadata": {},
     "output_type": "execute_result"
    }
   ],
   "source": [
    "model['reversed_gradient_similarity']"
   ]
  },
  {
   "cell_type": "code",
   "execution_count": 10,
   "metadata": {
    "collapsed": false
   },
   "outputs": [
    {
     "data": {
      "text/plain": [
       "'/Users/JH/Documents/GitHub/EnergyData_jhyun/repository/1440/fully_refined/similarity_model/similarity.bin'"
      ]
     },
     "execution_count": 10,
     "metadata": {},
     "output_type": "execute_result"
    }
   ],
   "source": [
    "path"
   ]
  },
  {
   "cell_type": "markdown",
   "metadata": {},
   "source": [
    "---\n",
    "# 02. A Command line for Build Similarity Model"
   ]
  },
  {
   "cell_type": "code",
   "execution_count": 11,
   "metadata": {
    "collapsed": false
   },
   "outputs": [
    {
     "name": "stdout",
     "output_type": "stream",
     "text": [
      "\n",
      "Build Similarity Model\n",
      "calculate covariance\n",
      "calculate cosine_similarity\n",
      "calculate euclidean_distance\n",
      "calculate manhattan_distance\n",
      "calculate gradient_similarity\n",
      "calculate reversed_gradient_similarity\n"
     ]
    },
    {
     "data": {
      "text/plain": [
       "({'cosine_similarity': array([[  1.20011145e-06,   4.64656165e-02,   1.87699950e+00,\n",
       "            8.11008196e-02,   8.51220035e-02,   1.50251707e+00,\n",
       "            2.20486843e+00,   2.09883902e+00,   5.03661729e-01,\n",
       "            2.60972655e+00,   5.73118707e-01,   4.52012166e-01,\n",
       "            2.46423454e+00,   3.41036546e-01,   8.70315493e-02,\n",
       "            2.60633105e+00],\n",
       "         [  4.64656165e-02,   2.84370155e-05,   1.87296738e+00,\n",
       "            1.26049931e-01,   1.04897210e-01,   1.50981159e+00,\n",
       "            2.19333523e+00,   2.09156566e+00,   5.03740055e-01,\n",
       "            2.60972655e+00,   6.09692822e-01,   3.89283912e-01,\n",
       "            2.46647182e+00,   3.81530102e-01,   7.32197615e-02,\n",
       "            2.60636356e+00],\n",
       "         [  1.87699950e+00,   1.87296738e+00,   7.36829092e-05,\n",
       "            1.90188137e+00,   1.89727331e+00,   5.62332731e-01,\n",
       "            4.16133814e-01,   1.71675686e-01,   1.89373656e+00,\n",
       "            2.60972655e+00,   2.07821070e+00,   1.99395223e+00,\n",
       "            2.52157829e+00,   1.99816910e+00,   1.92019468e+00,\n",
       "            2.60735765e+00],\n",
       "         [  8.11008196e-02,   1.26049931e-01,   1.90188137e+00,\n",
       "            5.06267913e-05,   4.19715066e-03,   1.47506028e+00,\n",
       "            2.23686174e+00,   2.15031843e+00,   5.08633620e-01,\n",
       "            2.60972655e+00,   5.68104467e-01,   7.42771844e-01,\n",
       "            2.46339341e+00,   1.58505585e-01,   5.83453431e-02,\n",
       "            2.60923929e+00],\n",
       "         [  8.51220035e-02,   1.04897210e-01,   1.89727331e+00,\n",
       "            4.19715066e-03,   5.69169722e-05,   1.46988737e+00,\n",
       "            2.23100982e+00,   2.14505808e+00,   5.01455070e-01,\n",
       "            2.60972655e+00,   5.70901653e-01,   7.17241972e-01,\n",
       "            2.46380161e+00,   1.62489706e-01,   5.12696513e-02,\n",
       "            2.60917578e+00],\n",
       "         [  1.50251707e+00,   1.50981159e+00,   5.62332731e-01,\n",
