{
 "cells": [
  {
   "cell_type": "markdown",
   "metadata": {},
   "source": [
    "# Add New Data & Write Similarity Report\n",
    "---"
   ]
  },
  {
   "cell_type": "markdown",
   "metadata": {},
   "source": [
    "### 개요\n",
    "* 기존의 **유사도 모델(similarity_model)**에 **new_data**를 입력시키면, \n",
    "    * 기존 모델의 network에 새로 입력된 data의 **node와 edge가 추가/저장**(similarity_matrix 확장)되며, \n",
    "    * 입력된 **new_data**를 기준으로 한 **유사도 보고서(similarity_report)**를 계산하여 반환함 \n",
    "\n",
    "---\n",
    "* 아래는 기존의 similarity_model에 새로은 data를 추가하여 확장된 similarity_model을 구성&저장하고 similarity_report를 출력하는 과정임 \n",
    "\n",
    "<img src=\"https://raw.githubusercontent.com/jhyun0919/EnergyData_jhyun/master/docs/images/%EC%8A%A4%ED%81%AC%EB%A6%B0%EC%83%B7%202016-05-19%20%EC%98%A4%EC%A0%84%2010.06.30.jpg\" alt=\"Drawing\" style=\"width: 800px;\"/>\n",
    "\n",
    "  \n",
    "    \n",
    "##### [ similarity_report ]  \n",
    "* 계산된 **similarity_score**를 참고하여 **[file_list : similarity_score]**와 같이 구성된 **list**를 오름차순 순으로 정열하여 반환함\n",
    "    * **list**는 해당 data와 비슷한 순서대로 나열된 것임\n",
    "    * **similarity_score**를 계산하는 방법은 아래와 같은 4가지 계산법이 있으며, 각 계산법 마다 **각각의 정열된 list**를 구성하여 반환함\n",
    "        * cosine_similarity\n",
    "        * euclidean_distance\n",
    "        * gradient_similarity\n",
    "        * reversed_gradient_similarity"
   ]
  },
  {
   "cell_type": "markdown",
   "metadata": {},
   "source": [
    "---\n",
    "* similarity 계산과 similarity_report를 작성하기 위한 module를 import하자 "
   ]
  },
  {
   "cell_type": "code",
   "execution_count": 1,
   "metadata": {
    "collapsed": false
   },
   "outputs": [
    {
     "name": "stderr",
     "output_type": "stream",
     "text": [
      "/Users/JH/Documents/GitHub/EnergyData_jhyun/energy_data_venv/lib/python2.7/site-packages/matplotlib/font_manager.py:273: UserWarning: Matplotlib is building the font cache using fc-list. This may take a moment.\n",
      "  warnings.warn('Matplotlib is building the font cache using fc-list. This may take a moment.')\n"
     ]
    }
   ],
   "source": [
    "from utils import Similarity\n",
    "from utils import GlobalParameter\n",
    "from utils import FileIO\n",
    "from utils import Graph\n",
    "%matplotlib inline\n",
    "import os"
   ]
  },
  {
   "cell_type": "markdown",
   "metadata": {},
   "source": [
    "---\n",
    "* 다음 과정은 새로 입력될 new_data의 경로를 지정하고 확인하는 과정이다"
   ]
  },
  {
   "cell_type": "code",
   "execution_count": 2,
   "metadata": {
    "collapsed": false
   },
   "outputs": [
    {
     "data": {
      "text/plain": [
       "'/Users/JH/Documents/GitHub/EnergyData_jhyun/repository/VTT_GW2_HA7_VM_EP_KV_K.bin'"
      ]
     },
     "execution_count": 2,
     "metadata": {},
     "output_type": "execute_result"
    }
   ],
   "source": [
    "new_input_file = os.path.join(GlobalParameter.Repository_Path, 'VTT_GW2_HA7_VM_EP_KV_K.bin')\n",
    "new_input_file"
   ]
  },
  {
   "cell_type": "markdown",
   "metadata": {},
   "source": [
    "---\n",
    "* new_data를 graph를 통해 확인해보자"
   ]
  },
  {
   "cell_type": "code",
   "execution_count": 3,
   "metadata": {
    "collapsed": false
   },
   "outputs": [
    {
     "data": {
      "image/png": "iVBORw0KGgoAAAANSUhEUgAAAYMAAAEKCAYAAADw2zkCAAAABHNCSVQICAgIfAhkiAAAAAlwSFlz\nAAALEgAACxIB0t1+/AAAIABJREFUeJzt3XuYXFWZ7/HvDzAgAoGAIWMiiAcCAS9cNCoy0BwVjKOA\nDGB0uM1BUUDNox6VeOZIVGY86FEDIhlF5JKjRgSVMGIIDLSCIkQCEkmAOBhMkIQAhosXJMl7/lir\nkt1Fddeu7qqu6urf53nq6V2r9uWtqlX73WutvXcrIjAzs9Fti3YHYGZm7edkYGZmTgZmZuZkYGZm\nOBmYmRlOBmZmhpOBmZnhZGBmZjgZjHqSfiJpVo3yoyVtlPRUfvxN0rOF5/dLejpP/1nShjz9tKSn\nSmx3uqRfSnpG0mpJt0k6I7/2+rwuFea/uEbZNyRdlKe/KOkBSU9KWirppBIx7J7f4xZV5ZdK+mxV\n2YtyrD+usZ7K51B5/+slnT/Adl8i6TlJe9R47YeSvpCnN+bPZovC61tJelTShhLvr1fSXwqxPSXp\nmvzaYYXv7ElJyySdWmd9z/u8JH01f94H589n2xrLLZZ05iDX+3f13qc1h5OBXQ6cWKP8ROD/RsQO\nEbED8G3gvMrziNg7IrbPr00DHs7llbJ+SfoY8BXgPGDXiJgAfAA4WNILgF8BAg4sLHYIsLKq7FDg\np3n6GeAfImIscCpwvqTXl3j/ZS/B/0fg98Dhksb3WUF+z/l9TwD+DFzZ7wYj/gDcCPRJWJJ2In2W\nlxWK/5jLKqYBT5SMOYAzC9/ZDhFxdOH1ync2FjgbuFjSPiXWiZJvkL6DQyPiF6Tv57iq9/QKYArw\nnUGu95Fyb9WGysnAfgTsLOmQSoGkHYG3A3ObvTFJOwCfAc6IiB9GxJ8AIuLXEXFSRDwXEeuB20k7\nBCS9GBhD2sFWysYDk4Fb8vKfiYjlefqOXP6GJoZ+CnAxcCu1k2fFccCjEfHzOuu7gqpkALwbuDci\nlhbK5uZtV5xMSuBlqf4sEBHXkBLPviVm35KUsA4EDouIx3L5FTm+opOA6yJi3RDWa8PAyWCUi4i/\nAt+n74/4XcCyiFjSgk2+gbRjn19nvp+Rd/z57y2kHfFhhbIH81F2H5JeCLwWuLdkTAPuMCXtnrf3\n/fw4ZYDZTybtFOv5IbCLpIMLZSfSd0cfpGR9qKQdcpI+BLimxPpLy0fj7wTGAvW+c5GO8vcCDq/a\nyc/NsU6srBd4D31bOoNZrw0DJwODtAM6XtKY/PwkGjv6bMQuwGMRsbFSIOnnkv6Yxx4qLZSfknZ8\nAH9PSga/BF6Xyw5hcxdRtX8H7oqIhSXiEbBW0hP58UfSEXrRScCiiFgF/ACYIunVz1vR5qRR97PL\nSfgqchKWtBfpiLi6O+WvpMQ5nZSk5wPPlnhfFV+tvK/89zOF1yZKegJYC/xv4MRK66qOtwDfj4in\nq97TKtJ3UmnxvJmU+K8rGWvN9drwcDIwcpfGWuAYSS8nHVXX6+MdrMdJR8Sb6l5EvDEidgIeY3Od\n/CWwXe5zPhS4JXcprSyU/ax65ZK+SOrqeFfJeALYOSLG5cdOwHer5jmJPAYQEY8DvdRuHZwE3BoR\nD5XcdjEJnwRcX9U1UmmxzCUljZMo1+oo+lDlfeW/5xReeziX7RIRB0bE90usL0hdiLMk/XM/76mS\nDE4E5kVE3cHuEuu1FnMysIpK3/SJpJ3S2hZt5zbSke3RNV7b1F0TEc8Ci4B3ABMi4oH80i257JVU\nJYN81Hsk8JaIeKaBmPrtJpL0BlLXxb9IekTSI6SurvdUn4VE2gleVnajEXEraTD4GOCf6KdFERG3\nAH8HjC8xFjEcfkH6DmZLqm5F/QCYJKkHOJbGWpgDrddabKt2B2Ad4wrgX0g72Y+0aiMR8WQ+bfOi\nvDO9HvgT8Gqg+rTEW4AZpLGCip8DFwGPRMTvKoWSZpK6dw5psL+53gDrqcBC0o6+Mu+2wK9JZ/b8\nOG//YOAlpK6fRswlnVW1PXDtAPO9vep5qYHhFhBARPxM0j8CP5D0bET8IJf/WdLVwKXAiohY3Iz1\nWuuVbhlImiTpJkn3Sloi6UO5/BxJq/K5xIslvbWwzExJy/M5zEcUyg+UdI/SeeGzC+VjJM3Ly9wm\nabdmvVEbWO7a+AVpR1drcLdp/wUpIr4IfBT4BLA6P+bk578ozPpT4MXkM4ayW3NZdRfRvwIvBX6r\nzef9n10mnP5ekLQ16eygCyJibUQ8mh8rqH2Wz9WVs6MacEWOe15EPNdfbBGxLCKWlYm7yoXqew3E\nogbjq1aM6UbSWMZlkv6hMM/lwG401ioos15rIZX9T2eSJpCa63dL2g64k9TUfxfwdER8uWr+yrnF\nrwUmkc6r3isiQtLtwAcjYpGk64DzI+J6pYuOXhkRZ0p6F/DOiJjepPdqZmb9KN0yiIjVEXF3nn4G\nWAZMzC/XarIeTTraWZ+PpJYDU3NS2T4iKkcoV5D6TCvLVI4mrgLe1MB7MTOzQRrUALKklwH7ky4M\nAvigpLslfVPS2Fw2kXRFYsXDuWwisKpQvorNSWXTMvkMhHWSxg0mRmsfSS9V31s0PFV4PmmYY3lP\nP7G04hqK6m3PrLHtp1TjlhZD2EZ/n/MbB7m+lnxe7fwerJyGB5BzF9FVwIyIeEbp3jCfzd0/5wJf\nAt7bpPjaNUhmQxARK0kDom0XEd+hdafJ1tv254HPt3gbTf2cW/V5tfN7sHIaSgaStiIlgrn58nWq\nTkG8mM1nRDxMGhirmJTL+isvLvMHSVsCO0TE8+7DIqlpg5lmZqNJRNQ8yG60m+hbwNKI2HRHxjwG\nUHEs8Js8PR+Yns8Q2gPYE7gjIlYDT0qaKkmkszCuKSxTOUPjeOCmAd7QsD/OOeectmzXcXR2DI7D\ncYyUOAZSumWQ+yD/CVgi6S7SqWCfIl18sz+wEVgBvD/vrJdKuhJYCjxHuntiJZqzSBfnbEO6idWC\nXH4JMFfSctKVqj6TyMxsGJROBpGufNyyxksLapRVlqnZZxoRd5IubqoufxY4oWxMZmbWHL4dRQN6\nenraHQLgODotBnAc1RxHX50Sx0BKX3TWSSTFSIzbzKydJBFNGkA2M7Mu5GRgZmZOBmZm5mRgZmY4\nGZiZtZ0Ef/tb/8+Hg5OBmVkbKZ/bs/XWMHt23+fDmRB8aqmZWRtpgNtxNns351NLzcw60Pe+1+4I\nNnMyMDNrk+kD3H3tK18ZvjjA3URmZm01UDfRs8/CmDHN3Ja7iczMOs5AiQCamwjqcTIwM2uDffZp\ndwR9uZvIzKwN6rUKWrGLczeRmdkI0o5jXScDM7MOU6/V0ApOBmZmw6wdO/t6nAzMzDqMu4nMzLrc\n2rXtjqA2n01kZjaM2nEW0eZt+2wiM7MRYdq09mzXycDMbJgccUT9eX7yk9bHUYu7iczMhkmZs4jc\nTWRmNsq18xjXycDMbBh04rUFRU4GZmbDoNN7tp0MzMyGQTtPKS2jdDKQNEnSTZLulbRE0odz+U6S\nFkq6X9L1ksYWlpkpabmkZZKOKJQfKOkeSQ9Iml0oHyNpXl7mNkm7NeuNmpm1S6cnAmisZbAe+GhE\n7Ae8AThL0j7A2cCNEbE3cBMwE0DSvsAJwBRgGnCRtOkjmQOcFhGTgcmSjszlpwFPRMRewGzgC0N6\nd2ZmI0AnjCeUTgYRsToi7s7TzwDLgEnA0cDlebbLgWPy9FHAvIhYHxErgOXAVEkTgO0jYlGe74rC\nMsV1XQW8aTBvysysUxx3XP15RlrLYBNJLwP2B34J7BoRayAlDGB8nm0isLKw2MO5bCKwqlC+Kpf1\nWSYiNgDrJI0bTIxmZp3g6qvbHUE5DScDSduRjtpn5BZCdU5rZo7rgMaTmVnr/OpX7Y4g2aqRmSVt\nRUoEcyPimly8RtKuEbEmdwE9mssfBl5aWHxSLuuvvLjMHyRtCewQEU/UimXWrFmbpnt6eujp6Wnk\nrZiZtVyZsYCDDmrd9nt7e+nt7S01b0O3o5B0BfBYRHy0UHYeadD3PEmfBHaKiLPzAPK3gdeRun9u\nAPaKiJD0S+DDwCLgx8AFEbFA0pnAKyLiTEnTgWMiYnqNOHw7CjPreO2+/US1gW5HUToZSHoj8DNg\nCakrKIBPAXcAV5KO6B8CToiIdXmZmaQzhJ4jdSstzOUHAZcB2wDXRcSMXL41MBc4AHgcmJ4Hn6tj\ncTIws47XaaeUNiUZdBInAzPrdJ3WKgDfqM7MrONMnFh/nuHkloGZWZN1YqsA3DIwMxs248fXn6cT\nNXRqqZmZ9a/sbSUuuKC1cQyGu4nMzJqgkfsLtWv35W4iM7MW2nvvdkcwdG4ZmJkN0UhoFYBbBmZm\nLTNSEkE9TgZmZg0YMyYlgMqjrNNPb11MzeCziczMShrsP6E5/XT4+tebG0uzORmYmZUw2ETQyV1D\nRe4mMjOroxP+LWWrORmYmQ1gKIlgpLQKwMnAzKxf44bwT3dHUiIAX2dgZtavbhsn8HUGZmYNauQ+\nQxF9HyORWwZmZlW65UKyam4ZmJmV1K2JoB4nAzOzQeimRABOBmZmm5RtFZx6akvDaAuPGZiZZWWT\nwUjd/XjMwMysjm5PBPU4GZiZUW4n362JAJwMzMxKOfLIdkfQWk4GZmZ1HHkkLFjQ7ihaywPIZmb0\nHTOIeP7zbuABZDOzOio7/P7+djsnAzOzrHrHP1oSATgZmJkZDSQDSZdIWiPpnkLZOZJWSVqcH28t\nvDZT0nJJyyQdUSg/UNI9kh6QNLtQPkbSvLzMbZJ2a8YbNDOz+hppGVwK1Dq56ssRcWB+LACQNAU4\nAZgCTAMukjYNx8wBTouIycBkSZV1ngY8ERF7AbOBLzT+dszMBnbxxQM/H622KjtjRNwqafcaL9Ua\nmT4amBcR64EVkpYDUyU9BGwfEYvyfFcAxwDX52XOyeVXAReWjc3MrIzKIenppz//jKH3va89MXWK\nZowZfFDS3ZK+KWlsLpsIrCzM83AumwisKpSvymV9lomIDcA6SUP4p3NmZptV326i+Pz004c3lk5U\numXQj4uAz0ZESDoX+BLw3qGHBdRucWwya9asTdM9PT309PQ0abNm1m3q3XeoW88a6u3tpbe3t9S8\nDV10lruJro2IVw30mqSzgYiI8/JrC0hdQA8BN0fElFw+HTgsIs6ozBMRt0vaEngkIsb3E4cvOjOz\n0kZrMqjWzIvOROGIXdKEwmvHAr/J0/OB6fkMoT2APYE7ImI18KSkqXlA+WTgmsIyp+Tp44GbGozN\nzOx57r+//jweRG6gZSDpO0APsDOwhnSkfziwP7ARWAG8PyLW5Plnks4Qeg6YERELc/lBwGXANsB1\nETEjl28NzAUOAB4HpkfEin5iccvAzEoZ7bemLhqoZeB7E5lZ13Ii6Mv3JjKzUceJoDFOBmbWdY46\nqt0RjDxOBmbWVY46Cq69tty8bhVs5jEDM+sqZbuHYPQlA48ZmFnXmzHDiWAonAzMbMSbMQMuuKD8\n/E4Ez+duIjMb8RppESxfDnvu2bpYOpm7icysa227bfl5R3MiqMctAzMb0cq2CvbYAx58sLWxdDpf\ngWxmXcsXl5XnbiIz60pOBM3jZGBmXWvsWCeCspwMzGxEuuSS+vOsW9f6OLqFxwzMbETyP6xpnMcM\nzKyrlBkraOTaA3MyMLMRxoPGreFkYGYjRpl/YWmD4zEDMxsx3CoYGo8ZmNmI5zGA1tqq3QGYmQ2k\n0STgVsHguGVgZh3LiWD4OBmYWcf5+MedCIabu4nMrC08BtBZ3DIws2HX7ETgVsHQORmYWUtImx9v\ne1vf59OmNW87TgTN4esMzKzpyhz5T5sGP/nJ0Lbj3UBjBrrOwGMGZtZU8+eXm28oicBJoPncMjCz\npmr1wLB/+oPXlCuQJV0iaY2kewplO0laKOl+SddLGlt4baak5ZKWSTqiUH6gpHskPSBpdqF8jKR5\neZnbJO3W+Fs1s3aaMqW56zvzzM07/wgnglZqZAD5UuDIqrKzgRsjYm/gJmAmgKR9gROAKcA04CJp\n0/HCHOC0iJgMTJZUWedpwBMRsRcwG/jCIN6PmbVBZWD4vvvKLzNt2uYdfH+Pr30tzesk0Hqlk0FE\n3Ar8sar4aODyPH05cEyePgqYFxHrI2IFsByYKmkCsH1ELMrzXVFYpriuq4A3NfA+zKxNBtMtNG0a\nXHdd82OxwRvqqaXjI2INQESsBsbn8onAysJ8D+eyicCqQvmqXNZnmYjYAKyTNG6I8ZlZixx//OCu\nEo5wIuhEzT6bqJmNuQGr2axZszZN9/T00NPT08RNm9lAjj8errqq3VFYPb29vfT29paat6GziSTt\nDlwbEa/Kz5cBPRGxJncB3RwRUySdDUREnJfnWwCcAzxUmSeXTwcOi4gzKvNExO2StgQeiYjxz4/C\nZxOZtdtguob8k22/Zv4/A9H3iH0+cGqePgW4plA+PZ8htAewJ3BH7kp6UtLUPKB8ctUyp+Tp40kD\n0mbWQT73ucElAjfcO1/ploGk7wA9wM7AGtKR/o+A7wMvJR31nxAR6/L8M0lnCD0HzIiIhbn8IOAy\nYBvguoiYkcu3BuYCBwCPA9Pz4HOtWNwyMBtmg71+oKcHbr65qaHYIA3UMvBFZ2ZW1y67wOOPN7aM\nf6Kdx//20syGpJFEcO+9TgQjke9NZGb92ndfWLas/PxOAiOXWwZmVlOjieDCC1sXi7WexwzMrKZG\nBowvvBDOOqt1sVhz+BbWZtaQRhKBj8u6g7uJzGzQPvCBdkdgzeJuIjPr48474TWvKTevf4Yji68z\nMLPSynYR+Sc48vg6AzNrmkMPdSLoRm4ZmNkmZVoF/umNXG4ZmJnZgHxqqdko59NIDdwyMBvVBnsn\nUus+TgZmo9ALX+hEYH25m8hslBlsEnAXUXdzy8BsFBlsIjjssObGYZ3Hp5aajRJD6Rbyz607+NRS\ns1Hst791IrD6PGZg1sU8PmBluWVg1oXOP9+JwBrjloFZl3nZy+ChhxpfzklgdHPLwKyLTJvmRGCD\n47OJzLrIYLqG/FMaPXw2kdko0GgieNvbnAhsM48ZmHWBRhOBk4BVc8vAbIQ766zy8x5yiBOB1eYx\nA7MRzv+m0srymIFZl/KdR61ZmpIMJK2Q9GtJd0m6I5ftJGmhpPslXS9pbGH+mZKWS1om6YhC+YGS\n7pH0gKTZzYjNrFv5n9JYMzWrZbAR6ImIAyJiai47G7gxIvYGbgJmAkjaFzgBmAJMAy6SNlXrOcBp\nETEZmCzpyCbFZ9ZV9tuv/LxOBFZGs5KBaqzraODyPH05cEyePgqYFxHrI2IFsByYKmkCsH1ELMrz\nXVFYxsyy/faDpUvLzetEYGU1KxkEcIOkRZLem8t2jYg1ABGxGhifyycCKwvLPpzLJgKrCuWrcpmZ\nFZRNBGPH1p/HrKJZ1xm8MSIekfRiYKGk+0kJoqipxyizZs3aNN3T00NPT08zV2/WkRoZJ1i3rnVx\n2MjQ29tLb29vqXmbfmqppHOAZ4D3ksYR1uQuoJsjYoqks4GIiPPy/AuAc4CHKvPk8unAYRFxRo1t\n+NRSG3WWLIFXvarcvP55WC0tPbVU0raStsvTLwKOAJYA84FT82ynANfk6fnAdEljJO0B7AnckbuS\nnpQ0NQ8on1xYxmzUcyKwVmpGN9GuwA8lRV7ftyNioaRfAVdK+h+ko/4TACJiqaQrgaXAc8CZhcP8\ns4DLgG2A6yJiQRPiMxvxfGGZtZqvQDbrcL6ewJrFVyCbjQJOBDYUTgZmHczdQzZcnAzMOtS0ae2O\nwEYT/z8DsxZr9c3k3CqwZnDLwKyFnAhspHAyMGuhVu6sH3+8deu20cfJwGwIpPT45CdrP4fWJYRx\n41qzXhudfJ2B2SDV6wL6xCfgvPNa01Xk6m+DMdB1Bk4GZoNUbycf0boxA1d/GwxfdGY2zCo761bs\ntJ0IrBV8aqnZINQ74pdamxDMms0tA7MGnfG8m6rXVhxENut0HjMwG4Syg8dmnWSgMQN3E5k1qMzA\nsdlI424iswbsuGP9eX7/+9bHYdZs7iYya0CZU0VdNa1T+dRSsyapt6N3IrCRysnAzMycDMwaMdCY\nwcEHD18cZs3mMQOzBhTHDKpvN+EqaZ3OYwZmTVJ9VbGvMrZu4WRg1qDqHb8TgXUDJwOzEqpPKW31\nfzAzG25OBmZ1VHb8/f016wZOBmYDcIvARgsnA7NB8liBdRMnA7N+XHxxuyMwGz6+zsCsH74PkXWb\nEXWdgaS3SrpP0gOS/O9BrG28o7fRpKNaBpK2AB4A3gT8AVgETI+I+6rmc8vAhsVArQNXQRtpRtI/\nt5kKLI+IhwAkzQOOBu4bcKkmmDMHzjyz1VsxM+tMndZNNBFYWXi+Kpe1lBOBNcqtAus2nZYM2qLs\nPzg3AycC606d1k30MLBb4fmkXPY8s2bN2jTd09NDT0/PkDZcfQdKs1qcCGwk6e3tpbe3t9S8nTaA\nvCVwP2kA+RHgDuDdEbGsar6mDyA7EVhZHfSTMWvIiBlAjogNkj4ILCR1YV1SnQhaYc6cVm/Buonk\nhGDdp6NaBmW1omXgQWQrawT+ZMyAgVsGTgZmZqPEiLoC2czMhp+TgZmZORmYmZmTgZmZ4WRgZmY4\nGZiZGU4GZmaGk4GZmeFkYGZmOBmYmRlOBmZmhpOBmZnhZGBmZjgZmJkZTgZmZoaTgZmZ4WRgZmY4\nGZiZGU4GZmaGk4GZmeFkYGZmOBmYmRlOBmZmhpOBmZnhZGBmZjgZmJkZTgZmZsYQk4GkcyStkrQ4\nP95aeG2mpOWSlkk6olB+oKR7JD0gaXahfIykeXmZ2yTtNpTYzMysvGa0DL4cEQfmxwIASVOAE4Ap\nwDTgIknK888BTouIycBkSUfm8tOAJyJiL2A28IUmxNZUvb297Q4BcBydFgM4jmqOo69OiWMgzUgG\nqlF2NDAvItZHxApgOTBV0gRg+4hYlOe7AjimsMzlefoq4E1NiK2pOuULdRydFQM4jmqOo69OiWMg\nzUgGH5R0t6RvShqbyyYCKwvzPJzLJgKrCuWrclmfZSJiA7BO0rgmxGdmZnXUTQaSbsh9/JXHkvz3\nHcBFwMsjYn9gNfClJsZWq8VhZmatEBFNeQC7A/fk6bOBTxZeWwC8DpgALCuUTwfmFOfJ01sCjw6w\nrfDDDz/88KPxR3/71a0YAkkTImJ1fnos8Js8PR/4tqSvkLp/9gTuiIiQ9KSkqcAi4GTggsIypwC3\nA8cDN/W33Yhwq8HMrImGlAyAL0jaH9gIrADeDxARSyVdCSwFngPOjHxID5wFXAZsA1xXOQMJuASY\nK2k58Dip1WBmZsNAm/fRZmY2WnXtFciSnm7COt4s6VeSfi1pkaTDC6/1d/Hc30u6U9IGSb/Pyy6W\n9PZcvljSbyTNGKZ4Nkj6s6SQ9KCkjyrZbSjxSPqIpHvzmWQ3SHpp4bVTchz3SzpZ0kZJV0g6K19U\nuEHSY5Lm5/mPyu/prvz+/nuJ7U+SdFOOYYmkDxde20nSwrz96ytnuUkal5d5WtLf+lnvfEn3lPwM\nmlk/Xptf317SSkkX1NpmM+PJMdwv6S+5flwqSVXrbDieRupGLtso6fZC3dhF0tpK/cjzvFbSc5KO\nLRnDUOpHVL9fSTdLui/X0cWSdqmz/aHUjee9z/y5LM7b/1GZz6BhzRpA7rQH8FQT1vFqYEKe3g9Y\nVXjtduC1efo64Mg8vRvwHmANcFwuG0caO3lBfr4tqVtt0jDE8zTwClLX3CnADcAsUhfhoOMBDgO2\nydMfIF1XArAT8F/AWGDHPP00sBh4Tf58HgF+DcyvbL+w3lcCv62xvS2rnk8A9s/T2wH3A/vk5+cB\nn8jTnwT+T+F9HgycDjxbYxvvBP4f+USIYa4flfXMzjFc0Or6CjyV43kF8N38ncyqWmfD8TRYN8bm\n+rGMNLb4IHBcri+V+rEF8J/AfwDH9rPNZtaPv1S/X+Bm4IBh2HdUfqvHVq1vyPuzujG3egPteuQK\ndhhwbaHsq8DJefp3pJ3inflHMLnEOh8DXpAr2tJC+aazovLzdwK/r1VxgQOBW4G/AjcCuxYq22zg\nLuCeSmUZajyVSgRcShrk3wN4LJdtQbrS+84cz4zCOj6Z47gL+Lc6cewP3NLPZzEn/7jOrXwe+bv5\ndOHH/lrgF4Xv4u5cfgpwDWlHcHOdGH4EvClP31f4XCcA91XNewrwt2L9AF5Euh6m8r6HvX4ABwE/\nIe0Y1+TpltUPCjuYXD8+UFU3Ls/reAj4zxbVjXfl+nBurp+/IyWmjxfqx5dIieOx/Nns1eL68Rfg\navruO1YBn271vqP4W60qe7reNob66Npuoizyoz+PRsRBwL+TKl+/JB0HLI6I5xj44jmAhaSdywWS\nvibp0LyO3YFbgAOAjwLfAP6tsNwLI+IA0iD7t5oYzyYR8TtgC0kvBj4GnATsQ3r/J0raXekeU+8g\n7XAOoP6tQU4j7big9gWHAuYB75a0NTCG9EOqWAZ8kXRk9nLSCQQVB5B+GIfTD0kvI+10fpmLxkfE\nmvx+VwPj+1m0WD8+R9q5FbuPhq1+5O6ZLwE7kw5avkfaKQxn/XiUzXXjNOAQ4FXAZ4BXtKhuTCR9\nB/OAd+fy/UhHz0h6CelgYS/g2jzf5wvraFX9qLXveJ+kxaTWTKvqRn+2zt1Ov5B0dIn5GzbUs4lG\nuh/mv3eSjtZqkrQfqQK+pcxKI+JPub/zv0if8TxJZ+ftrCcdaX2ZdISxorDod/Pyt+S+2h0i4qmh\nxjOAqcCTpKOWL5KORvcC3gxcGhHP5njW9bcCSSeSjmgPG2hDEfGb/KN8N+nIq9g3vSMpKa3PMRxS\neO2GiHhygO1vR7p9yYyI+FN/mx8oNkmvBv4b6ftQIbZhqx+k7rtFpC6sT5CSxWHAHwqLDmf9OAPY\nHvgxqRtrG1pUN/J6KvVjO9JReeU7qNyn7Cqgh9S19efCoi2vH9n1wE9zbGvZPN7a1LoxgN0j4hFJ\newA3SbonH9g1Tbcng/WkC9gqtql6/dn8dwP9fBaSJgE/AE6KdJ8lSEc0Ly3MNimXVVsaET+QtIR0\nTcVi4Df6Ax+gAAADo0lEQVQR8UZJl5BOrb26MH+xUooalXSI8SDp5cCGiFibj0Y/FBE3FOK5UYW7\nzw5E0puBmcCh+ainEktPVSwb8/R8UtKpHtz/HHBTRBybW0+/lbRzfq2/HzCStiL90OdGxDWFl9ZI\n2jUi1ijdD+vRflZRqR9vIO20DiedCr1djnk468ds0g5ma1IieAHw44j4VGH+VtePXdlcN3YmfQZj\nSS22AOoO7BfiKFs3bi48n0/qfrma1HqENM40jfRdvCDHUvwdt6p+bKTvvmMjbErkfyKNbUHr6kYf\nEfFI/vs7Sb2kFlFTk0E3dxMF6Qh8X0kvkLQjDd78Lp9l8B+kq6krTcxK0/JJSVPzDvVkUt9lZbnJ\npKOqytHN/qSj7xXAiyW9hTRQtVTSvoVNvisvfwiwLiL67DQHGU/xCHwsqZ/2q5Imkvpaz8xnRhwM\nPCVpW9JR6j9LemHe7k41PpsDSE3koyKi2K1zPfAWSWPzcm8h/WAgdW18hrQTLsb1Ejb/ID6V31Nx\nnf35FmmHen5V+Xzg1Dxd6Veu5SFgX9I1Lq8gfUfnkgYbV/ezzCZNrh8/BF5GGkuYQ7qJ46dbXD+K\n38HWpOuEvpqfnwvcBkwG/mee/1yaXzeuL8TxLeCPwAOF2F+et/k+0o79Zvq2DAYylPrxDJv3HeNy\nrEiqJKRlA214sHWjuIrCunaUNCZPV36rSwfa/qC0elCiHQ9SRl+bp88j/bgXkCpTZQD5QWBcnj6I\ndGRavZ7/xeYzYe7Kf3cpLLOEdEfW8wvLvIa0I9lA2un9JW/3naTBpmV5nQ/l5U/Ly91M6jpaTBqc\nO6hJ8awn9YNvIB31/iGXvznHszrHuJKUHLbPr38CuDdv49wasdxAOiuoEsuPCq+dmuN4gFTZK4PY\nH8rb+RvpaGxFLr+QdOT35/y5rMrlp9DPWSzAG/N7urvwWbw1vzaONDh/P6l/fsfCcr8j7fQ3kna8\nF1fVj4/kz3+460dlW68iDXCubXX9yPXhvvx3A2kHuCS/JuBf87ZW5kfT60Yue6qqbqwijQ9UBpBf\nn7+jx4ArgQdbXD825pieys8XAk+w+Te7roV1Y2Vebm3hu3gDmwfsfw2c2or9ZldedJb7gL8eEa9v\ndyxlSboZ+FhELG53LN3O9cP6MxLrRrN0XTeRpPcD3yZl5pGk+7JyB3L9sP6M4LrRFF3ZMjAzs8Z0\nXcvAzMwa52RgZmZOBmZm5mRgZmY4GZiZGU4GZmYG/H+S6OfDi4+50AAAAABJRU5ErkJggg==\n",
      "text/plain": [
       "<matplotlib.figure.Figure at 0x10417e850>"
      ]
     },
     "metadata": {},
     "output_type": "display_data"
    }
   ],
   "source": [
    "Graph.Show.bin2graph(new_input_file)"
   ]
  },
  {
   "cell_type": "markdown",
   "metadata": {},
   "source": [
    "---\n",
    "* 다음 과정은 similarity_module의 경로를 지정하고 확인하는 과정이다"
   ]
  },
  {
   "cell_type": "code",
   "execution_count": 4,
   "metadata": {
    "collapsed": false
   },
   "outputs": [
    {
     "data": {
      "text/plain": [
       "'/Users/JH/Documents/GitHub/EnergyData_jhyun/repository/model/model.bin'"
      ]
     },
     "execution_count": 4,
     "metadata": {},
     "output_type": "execute_result"
    }
   ],
   "source": [
    "similarity_model_path = os.path.join(GlobalParameter.Repository_Path, GlobalParameter.Model_Path, 'model.bin')\n",
    "similarity_model_path"
   ]
  },
  {
   "cell_type": "markdown",
   "metadata": {},
   "source": [
    "---\n",
    "### Step 01. 기존 Similarity Model  \n",
    "\n",
    "* similarity_model을 출력하여 확인해보자"
   ]
  },
  {
   "cell_type": "code",
   "execution_count": 5,
   "metadata": {
    "collapsed": false
   },
   "outputs": [
    {
     "data": {
      "text/plain": [
       "{'cosine_similarity': array([[ 0.   ,  0.018,  0.784,  0.031,  0.033,  0.647,  0.131,  0.034,  1.   ],\n",
       "        [ 0.018,  0.   ,  0.788,  0.049,  0.043,  0.654,  0.147,  0.028,  1.   ],\n",
       "        [ 0.784,  0.788,  0.   ,  0.795,  0.795,  0.148,  0.823,  0.803,  1.   ],\n",
       "        [ 0.031,  0.049,  0.795,  0.   ,  0.002,  0.642,  0.061,  0.023,  1.   ],\n",
       "        [ 0.033,  0.043,  0.795,  0.002,  0.   ,  0.641,  0.063,  0.023,  1.   ],\n",
       "        [ 0.647,  0.654,  0.148,  0.642,  0.641,  0.   ,  0.678,  0.653,  1.   ],\n",
       "        [ 0.131,  0.147,  0.823,  0.061,  0.063,  0.678,  0.   ,  0.082,  1.   ],\n",
       "        [ 0.034,  0.028,  0.803,  0.023,  0.023,  0.653,  0.082,  0.   ,  1.   ],\n",
       "        [ 1.   ,  1.   ,  1.   ,  1.   ,  1.   ,  1.   ,  1.   ,  1.   ,  0.   ]]),\n",
       " 'covariance': array([[  6.36089729e+02,   5.33009878e+02,   8.57556961e+00,\n",
       "           7.26216445e+02,   6.97625219e+02,   7.15140857e+00,\n",
       "           6.61663182e+02,   6.23831746e+02,  -2.18822623e-03],\n",
       "        [  5.33009878e+02,   4.84569097e+02,   6.73427740e+00,\n",
       "           6.20936756e+02,   6.15941674e+02,   3.49532666e+00,\n",
       "           5.84748335e+02,   5.49810742e+02,  -2.20098979e-03],\n",
       "        [  8.57556961e+00,   6.73427740e+00,   1.31534289e+01,\n",
       "           9.59640031e+00,   9.76126154e+00,   1.25425492e+01,\n",
       "           8.46741371e+00,   6.65993695e+00,  -4.03273336e-05],\n",
       "        [  7.26216445e+02,   6.20936756e+02,   9.59640031e+00,\n",
       "           9.49352590e+02,   9.20153290e+02,   1.35201371e+01,\n",
       "           9.20638373e+02,   7.99284040e+02,  -2.32934952e-03],\n",
       "        [  6.97625219e+02,   6.15941674e+02,   9.76126154e+00,\n",
       "           9.20153290e+02,   9.07136992e+02,   1.45045611e+01,\n",
       "           8.99293702e+02,   7.70782801e+02,  -2.14319908e-03],\n",
       "        [  7.15140857e+00,   3.49532666e+00,   1.25425492e+01,\n",
       "           1.35201371e+01,   1.45045611e+01,   1.62439129e+01,\n",
       "           1.52672929e+01,   8.15893241e+00,  -9.30334584e-05],\n",
       "        [  6.61663182e+02,   5.84748335e+02,   8.46741371e+00,\n",
       "           9.20638373e+02,   8.99293702e+02,   1.52672929e+01,\n",
       "           1.05815179e+03,   8.00300950e+02,  -1.71615431e-03],\n",
       "        [  6.23831746e+02,   5.49810742e+02,   6.65993695e+00,\n",
       "           7.99284040e+02,   7.70782801e+02,   8.15893241e+00,\n",
       "           8.00300950e+02,   7.19464711e+02,  -2.19714405e-03],\n",
       "        [ -2.18822623e-03,  -2.20098979e-03,  -4.03273336e-05,\n",
       "          -2.32934952e-03,  -2.14319908e-03,  -9.30334584e-05,\n",
       "          -1.71615431e-03,  -2.19714405e-03,   2.48762083e-04]]),\n",
       " 'euclidean_distance': array([[     0.   ,   2642.098,  13504.789,   3861.998,   3958.654,\n",
       "          13265.964,   6993.981,   3842.326,  13721.771],\n",
       "        [  2642.098,      0.   ,  13802.378,   4675.627,   4403.274,\n",
       "          13568.805,   7479.117,   3514.483,  14015.209],\n",
       "        [ 13504.789,  13802.378,      0.   ,  14911.893,  14940.325,\n",
       "            785.959,  13385.896,  14622.85 ,   1270.772],\n",
       "        [  3861.998,   4675.627,  14911.893,      0.   ,    863.385,\n",
       "          14649.591,   5239.52 ,   3195.704,  15120.411],\n",
       "        [  3958.654,   4403.274,  14940.325,    863.385,      0.   ,\n",
       "          14677.27 ,   5313.004,   3212.968,  15148.529],\n",
       "        [ 13265.964,  13568.805,    785.959,  14649.591,  14677.27 ,\n",
       "              0.   ,  13145.714,  14368.155,   1501.651],\n",
       "        [  6993.981,   7479.117,  13385.896,   5239.52 ,   5313.004,\n",
       "          13145.714,      0.   ,   5875.922,  13551.702],\n",
       "        [  3842.326,   3514.483,  14622.85 ,   3195.704,   3212.968,\n",
       "          14368.155,   5875.922,      0.   ,  14820.05 ],\n",
       "        [ 13721.771,  14015.209,   1270.772,  15120.411,  15148.529,\n",
       "           1501.651,  13551.702,  14820.05 ,      0.   ]]),\n",
       " 'file_list': ['/Users/JH/Documents/GitHub/EnergyData_jhyun/repository/preprocessed_data/PP_VTT_GW1_HA10_VM_EP_KV_K.bin',\n",
       "  '/Users/JH/Documents/GitHub/EnergyData_jhyun/repository/preprocessed_data/PP_VTT_GW1_HA10_VM_KV_K.bin',\n",
       "  '/Users/JH/Documents/GitHub/EnergyData_jhyun/repository/preprocessed_data/PP_VTT_GW1_HA10_VM_KV_KAM.bin',\n",
       "  '/Users/JH/Documents/GitHub/EnergyData_jhyun/repository/preprocessed_data/PP_VTT_GW1_HA11_VM_EP_KV_K.bin',\n",
       "  '/Users/JH/Documents/GitHub/EnergyData_jhyun/repository/preprocessed_data/PP_VTT_GW1_HA11_VM_KV_K.bin',\n",
       "  '/Users/JH/Documents/GitHub/EnergyData_jhyun/repository/preprocessed_data/PP_VTT_GW1_HA11_VM_KV_KAM.bin',\n",
       "  '/Users/JH/Documents/GitHub/EnergyData_jhyun/repository/preprocessed_data/PP_VTT_GW2_HA4_VM_EP_KV_K.bin',\n",
       "  '/Users/JH/Documents/GitHub/EnergyData_jhyun/repository/preprocessed_data/PP_VTT_GW2_HA4_VM_KV_K.bin',\n",
       "  '/Users/JH/Documents/GitHub/EnergyData_jhyun/repository/preprocessed_data/PP_VTT_GW2_HA4_VM_KV_KAM.bin'],\n",
       " 'file_name': 'model',\n",
       " 'gradient_similarity': array([[ 0.        ,  0.00207609,  0.00395646,  0.00144547,  0.00244227,\n",
       "          0.00601553,  0.00176359,  0.00271583,  0.0018041 ],\n",
       "        [ 0.00207609,  0.        ,  0.00489012,  0.00234   ,  0.00201816,\n",
       "          0.0066422 ,  0.00232618,  0.00233234,  0.00161326],\n",
       "        [ 0.00395646,  0.00489012,  0.        ,  0.00442052,  0.00479404,\n",
       "          0.00382169,  0.00406317,  0.00523414,  0.0034438 ],\n",
       "        [ 0.00144547,  0.00234   ,  0.00442052,  0.        ,  0.00196436,\n",
       "          0.00570512,  0.00162707,  0.00264815,  0.0015578 ],\n",
       "        [ 0.00244227,  0.00201816,  0.00479404,  0.00196436,  0.        ,\n",
       "          0.00648779,  0.00223118,  0.00240035,  0.00148086],\n",
       "        [ 0.00601553,  0.0066422 ,  0.00382169,  0.00570512,  0.00648779,\n",
       "          0.        ,  0.00578989,  0.00696167,  0.00518702],\n",
       "        [ 0.00176359,  0.00232618,  0.00406317,  0.00162707,  0.00223118,\n",
       "          0.00578989,  0.        ,  0.00258435,  0.000972  ],\n",
       "        [ 0.00271583,  0.00233234,  0.00523414,  0.00264815,  0.00240035,\n",
       "          0.00696167,  0.00258435,  0.        ,  0.00192691],\n",
       "        [ 0.0018041 ,  0.00161326,  0.0034438 ,  0.0015578 ,  0.00148086,\n",
       "          0.00518702,  0.000972  ,  0.00192691,  0.        ]]),\n",
       " 'manhattan_distance': array([[  0.        ,   3.25471372,  31.81870433,   7.82647339,\n",
       "           8.69115082,  30.80160279,  15.24280938,   9.51509212,\n",
       "          32.40001293],\n",
       "        [  3.25471372,   0.        ,  33.81244044,  11.01312243,\n",
       "          10.23811025,  32.84977573,  18.4404397 ,   8.48195366,\n",
       "          34.36353824],\n",
       "        [ 31.81870433,  33.81244044,   0.        ,  32.6116483 ,\n",
       "          31.73311299,   1.39772756,  24.00491751,  33.30164425,\n",
       "           0.73369298],\n",
       "        [  7.82647339,  11.01312243,  32.6116483 ,   0.        ,\n",
       "           0.93195459,  31.61010915,  10.95329826,   7.14077374,\n",
       "          33.13142385],\n",
       "        [  8.69115082,  10.23811025,  31.73311299,   0.93195459,\n",
       "           0.        ,  30.78142965,  11.83220839,   7.29324067,  32.2261594 ],\n",
       "        [ 30.80160279,  32.84977573,   1.39772756,  31.61010915,\n",
       "          30.78142965,   0.        ,  23.60137438,  32.55306785,   1.6956011 ],\n",
       "        [ 15.24280938,  18.4404397 ,  24.00491751,  10.95329826,\n",
       "          11.83220839,  23.60137438,   0.        ,  10.71511785,\n",
       "          24.21107012],\n",
       "        [  9.51509212,   8.48195366,  33.30164425,   7.14077374,\n",
       "           7.29324067,  32.55306785,  10.71511785,   0.        ,\n",
       "          33.80429009],\n",
       "        [ 32.40001293,  34.36353824,   0.73369298,  33.13142385,\n",
       "          32.2261594 ,   1.6956011 ,  24.21107012,  33.80429009,   0.        ]]),\n",
       " 'reversed_gradient_similarity': array([[ 0.00349142,  0.0033884 ,  0.00480964,  0.00324464,  0.00324981,\n",
       "          0.00655412,  0.00265261,  0.00370379,  0.00180496],\n",
       "        [ 0.0033884 ,  0.00311348,  0.00489197,  0.00314162,  0.00298095,\n",
       "          0.00660361,  0.00255304,  0.00342711,  0.00161326],\n",
       "        [ 0.00480964,  0.00489197,  0.00677804,  0.00465954,  0.00475077,\n",
       "          0.00794305,  0.00405068,  0.00519061,  0.00344433],\n",
       "        [ 0.00324464,  0.00314162,  0.00465954,  0.00299787,  0.00300303,\n",
       "          0.0061877 ,  0.00241081,  0.00345702,  0.00155835],\n",
       "        [ 0.00324981,  0.00298095,  0.00475077,  0.00300303,  0.00284884,\n",
       "          0.00644887,  0.0024164 ,  0.00329476,  0.00148092],\n",
       "        [ 0.00655412,  0.00660361,  0.00794305,  0.0061877 ,  0.00644887,\n",
       "          0.01026654,  0.00579803,  0.00692617,  0.00518349],\n",
       "        [ 0.00265261,  0.00255304,  0.00405068,  0.00241081,  0.0024164 ,\n",
       "          0.00579803,  0.00182463,  0.00287024,  0.000972  ],\n",
       "        [ 0.00370379,  0.00342711,  0.00519061,  0.00345702,  0.00329476,\n",
       "          0.00692617,  0.00287024,  0.00374078,  0.00192691],\n",
       "        [ 0.00180496,  0.00161326,  0.00344433,  0.00155835,  0.00148092,\n",
       "          0.00518349,  0.000972  ,  0.00192691,  0.00011305]])}"
      ]
     },
     "execution_count": 5,
     "metadata": {},
     "output_type": "execute_result"
    }
   ],
   "source": [
    "similarity_model = FileIO.Load.unpickling(similarity_model_path)\n",
    "similarity_model"
   ]
  },
  {
   "cell_type": "markdown",
   "metadata": {},
   "source": [
    "---\n",
    "* silmilarity_model이 몇개의 data_file로 구성되어 있는지, file_list의 길이와 similarity matrix의 크기로 확인해보자"
   ]
  },
  {
   "cell_type": "code",
   "execution_count": 6,
   "metadata": {
    "collapsed": false
   },
   "outputs": [
    {
     "data": {
      "text/plain": [
       "9"
      ]
     },
     "execution_count": 6,
     "metadata": {},
     "output_type": "execute_result"
    }
   ],
   "source": [
    "len(similarity_model['file_list'])"
   ]
  },
  {
   "cell_type": "code",
   "execution_count": 7,
   "metadata": {
    "collapsed": false
   },
   "outputs": [
    {
     "data": {
      "text/plain": [
       "(9, 9)"
      ]
     },
     "execution_count": 7,
     "metadata": {},
     "output_type": "execute_result"
    }
   ],
   "source": [
    "similarity_model['cosine_similarity'].shape"
   ]
  },
  {
   "cell_type": "markdown",
   "metadata": {},
   "source": [
    "---\n",
    "### Step 02. 새로운 Data의 입력 & Similarity  Model의 확장  \n",
    "\n",
    "* 기존 모델에 new_data를 더한 확장된 모델을 계산/반환하자\n",
    "    * new_data는 similarity를 계산하기 위해 preprocessing 과정을 거치게 되며,\n",
    "        * preprocessed_new_data의 경로는 반환되어 added_file_path에 할당됨"
   ]
  },
  {
   "cell_type": "code",
   "execution_count": 8,
   "metadata": {
    "collapsed": false
   },
   "outputs": [
    {
     "name": "stdout",
     "output_type": "stream",
     "text": [
      "[[  5.64434608e+02   4.89112919e+02   7.38048274e+00   7.84116205e+02\n",
      "    7.63346489e+02   1.44315704e+01   9.14513550e+02   6.62120185e+02\n",
      "   -1.68043386e-03]]\n",
      "[[  5.64434608e+02]\n",
      " [  4.89112919e+02]\n",
      " [  7.38048274e+00]\n",
      " [  7.84116205e+02]\n",
      " [  7.63346489e+02]\n",
      " [  1.44315704e+01]\n",
      " [  9.14513550e+02]\n",
      " [  6.62120185e+02]\n",
      " [ -1.68043386e-03]\n",
      " [  8.10523722e+02]]\n"
     ]
    }
   ],
   "source": [
    "similarity_model,added_file_path = Similarity.Model.add_extra_model(similarity_model_path, new_input_file)"
   ]
  },
  {
   "cell_type": "markdown",
   "metadata": {},
   "source": [
    "---\n",
    "* added_file_path에 할당된 preprocessed_data의 저장경로를 확인해보자"
   ]
  },
  {
   "cell_type": "code",
   "execution_count": 9,
   "metadata": {
    "collapsed": false
   },
   "outputs": [
    {
     "data": {
      "text/plain": [
       "'/Users/JH/Documents/GitHub/EnergyData_jhyun/repository/preprocessed_data/PP_VTT_GW2_HA7_VM_EP_KV_K.bin'"
      ]
     },
     "execution_count": 9,
     "metadata": {},
     "output_type": "execute_result"
    }
   ],
   "source": [
    "added_file_path"
   ]
  },
  {
   "cell_type": "markdown",
   "metadata": {},
   "source": [
    "---\n",
    "* added_file_path의 data를 graph를 통해 확인해보자\n",
    "    * preprocessing 된 결과를 확인 가능함"
   ]
  },
  {
   "cell_type": "code",
   "execution_count": 10,
   "metadata": {
    "collapsed": false
   },
   "outputs": [
    {
     "data": {
