{
 "cells": [
  {
   "cell_type": "code",
   "execution_count": 1,
   "metadata": {
    "collapsed": false
   },
   "outputs": [
    {
     "name": "stderr",
     "output_type": "stream",
     "text": [
      "/Users/JH/Documents/GitHub/EnergyData_jhyun/energy_data_venv/lib/python2.7/site-packages/matplotlib/font_manager.py:273: UserWarning: Matplotlib is building the font cache using fc-list. This may take a moment.\n",
      "  warnings.warn('Matplotlib is building the font cache using fc-list. This may take a moment.')\n"
     ]
    }
   ],
   "source": [
    "from utils import Dependency\n",
    "from utils import Preprocess\n",
    "from utils import GlobalParameter\n",
    "from utils import FileIO\n",
    "from utils import Graph\n",
    "%matplotlib inline\n",
    "import os"
   ]
  },
  {
   "cell_type": "code",
   "execution_count": 2,
   "metadata": {
    "collapsed": false
   },
   "outputs": [
    {
     "data": {
      "text/plain": [
       "'/Users/JH/Documents/GitHub/EnergyData_jhyun/repository/VTT_GW2_HA7_VM_EP_KV_K.bin'"
      ]
     },
     "execution_count": 2,
     "metadata": {},
     "output_type": "execute_result"
    }
   ],
   "source": [
    "new_input_file = os.path.join(GlobalParameter.Repository_Path, 'VTT_GW2_HA7_VM_EP_KV_K.bin')\n",
    "new_input_file"
   ]
  },
  {
   "cell_type": "code",
   "execution_count": 3,
   "metadata": {
    "collapsed": false
   },
   "outputs": [
    {
     "data": {
      "image/png": "iVBORw0KGgoAAAANSUhEUgAAAYMAAAEKCAYAAADw2zkCAAAABHNCSVQICAgIfAhkiAAAAAlwSFlz\nAAALEgAACxIB0t1+/AAAIABJREFUeJzt3XuYXFWZ7/HvDzAgAoGAIWMiiAcCAS9cNCoy0BwVjKOA\nDGB0uM1BUUDNox6VeOZIVGY86FEDIhlF5JKjRgSVMGIIDLSCIkQCEkmAOBhMkIQAhosXJMl7/lir\nkt1Fddeu7qqu6urf53nq6V2r9uWtqlX73WutvXcrIjAzs9Fti3YHYGZm7edkYGZmTgZmZuZkYGZm\nOBmYmRlOBmZmhpOBmZnhZGBmZjgZjHqSfiJpVo3yoyVtlPRUfvxN0rOF5/dLejpP/1nShjz9tKSn\nSmx3uqRfSnpG0mpJt0k6I7/2+rwuFea/uEbZNyRdlKe/KOkBSU9KWirppBIx7J7f4xZV5ZdK+mxV\n2YtyrD+usZ7K51B5/+slnT/Adl8i6TlJe9R47YeSvpCnN+bPZovC61tJelTShhLvr1fSXwqxPSXp\nmvzaYYXv7ElJyySdWmd9z/u8JH01f94H589n2xrLLZZ05iDX+3f13qc1h5OBXQ6cWKP8ROD/RsQO\nEbED8G3gvMrziNg7IrbPr00DHs7llbJ+SfoY8BXgPGDXiJgAfAA4WNILgF8BAg4sLHYIsLKq7FDg\np3n6GeAfImIscCpwvqTXl3j/ZS/B/0fg98Dhksb3WUF+z/l9TwD+DFzZ7wYj/gDcCPRJWJJ2In2W\nlxWK/5jLKqYBT5SMOYAzC9/ZDhFxdOH1ync2FjgbuFjSPiXWiZJvkL6DQyPiF6Tv57iq9/QKYArw\nnUGu95Fyb9WGysnAfgTsLOmQSoGkHYG3A3ObvTFJOwCfAc6IiB9GxJ8AIuLXEXFSRDwXEeuB20k7\nBCS9GBhD2sFWysYDk4Fb8vKfiYjlefqOXP6GJoZ+CnAxcCu1k2fFccCjEfHzOuu7gqpkALwbuDci\nlhbK5uZtV5xMSuBlqf4sEBHXkBLPviVm35KUsA4EDouIx3L5FTm+opOA6yJi3RDWa8PAyWCUi4i/\nAt+n74/4XcCyiFjSgk2+gbRjn19nvp+Rd/z57y2kHfFhhbIH81F2H5JeCLwWuLdkTAPuMCXtnrf3\n/fw4ZYDZTybtFOv5IbCLpIMLZSfSd0cfpGR9qKQdcpI+BLimxPpLy0fj7wTGAvW+c5GO8vcCDq/a\nyc/NsU6srBd4D31bOoNZrw0DJwODtAM6XtKY/PwkGjv6bMQuwGMRsbFSIOnnkv6Yxx4qLZSfknZ8\nAH9PSga/BF6Xyw5hcxdRtX8H7oqIhSXiEbBW0hP58UfSEXrRScCiiFgF/ACYIunVz1vR5qRR97PL\nSfgqchKWtBfpiLi6O+WvpMQ5nZSk5wPPlnhfFV+tvK/89zOF1yZKegJYC/xv4MRK66qOtwDfj4in\nq97TKtJ3UmnxvJmU+K8rGWvN9drwcDIwcpfGWuAYSS8nHVXX6+MdrMdJR8Sb6l5EvDEidgIeY3Od\n/CWwXe5zPhS4JXcprSyU/ax65ZK+SOrqeFfJeALYOSLG5cdOwHer5jmJPAYQEY8DvdRuHZwE3BoR\nD5XcdjEJnwRcX9U1UmmxzCUljZMo1+oo+lDlfeW/5xReeziX7RIRB0bE90usL0hdiLMk/XM/76mS\nDE4E5kVE3cHuEuu1FnMysIpK3/SJpJ3S2hZt5zbSke3RNV7b1F0TEc8Ci4B3ABMi4oH80i257JVU\nJYN81Hsk8JaIeKaBmPrtJpL0BlLXxb9IekTSI6SurvdUn4VE2gleVnajEXEraTD4GOCf6KdFERG3\nAH8HjC8xFjEcfkH6DmZLqm5F/QCYJKkHOJbGWpgDrddabKt2B2Ad4wrgX0g72Y+0aiMR8WQ+bfOi\nvDO9HvgT8Gqg+rTEW4AZpLGCip8DFwGPRMTvKoWSZpK6dw5psL+53gDrqcBC0o6+Mu+2wK9JZ/b8\nOG//YOAlpK6fRswlnVW1PXDtAPO9vep5qYHhFhBARPxM0j8CP5D0bET8IJf/WdLVwKXAiohY3Iz1\nWuuVbhlImiTpJkn3Sloi6UO5/BxJq/K5xIslvbWwzExJy/M5zEcUyg+UdI/SeeGzC+VjJM3Ly9wm\nabdmvVEbWO7a+AVpR1drcLdp/wUpIr4IfBT4BLA6P+bk578ozPpT4MXkM4ayW3NZdRfRvwIvBX6r\nzef9n10mnP5ekLQ16eygCyJibUQ8mh8rqH2Wz9WVs6MacEWOe15EPNdfbBGxLCKWlYm7yoXqew3E\nogbjq1aM6UbSWMZlkv6hMM/lwG401ioos15rIZX9T2eSJpCa63dL2g64k9TUfxfwdER8uWr+yrnF\nrwUmkc6r3isiQtLtwAcjYpGk64DzI+J6pYuOXhkRZ0p6F/DOiJjepPdqZmb9KN0yiIjVEXF3nn4G\nWAZMzC/XarIeTTraWZ+PpJYDU3NS2T4iKkcoV5D6TCvLVI4mrgLe1MB7MTOzQRrUALKklwH7ky4M\nAvigpLslfVPS2Fw2kXRFYsXDuWwisKpQvorNSWXTMvkMhHWSxg0mRmsfSS9V31s0PFV4PmmYY3lP\nP7G04hqK6m3PrLHtp1TjlhZD2EZ/n/MbB7m+lnxe7fwerJyGB5BzF9FVwIyIeEbp3jCfzd0/5wJf\nAt7bpPjaNUhmQxARK0kDom0XEd+hdafJ1tv254HPt3gbTf2cW/V5tfN7sHIaSgaStiIlgrn58nWq\nTkG8mM1nRDxMGhirmJTL+isvLvMHSVsCO0TE8+7DIqlpg5lmZqNJRNQ8yG60m+hbwNKI2HRHxjwG\nUHEs8Js8PR+Yns8Q2gPYE7gjIlYDT0qaKkmkszCuKSxTOUPjeOCmAd7QsD/OOeectmzXcXR2DI7D\ncYyUOAZSumWQ+yD/CVgi6S7SqWCfIl18sz+wEVgBvD/vrJdKuhJYCjxHuntiJZqzSBfnbEO6idWC\nXH4JMFfSctKVqj6TyMxsGJROBpGufNyyxksLapRVlqnZZxoRd5IubqoufxY4oWxMZmbWHL4dRQN6\nenraHQLgODotBnAc1RxHX50Sx0BKX3TWSSTFSIzbzKydJBFNGkA2M7Mu5GRgZmZOBmZm5mRgZmY4\nGZiZtZ0Ef/tb/8+Hg5OBmVkbKZ/bs/XWMHt23+fDmRB8aqmZWRtpgNtxNns351NLzcw60Pe+1+4I\nNnMyMDNrk+kD3H3tK18ZvjjA3URmZm01UDfRs8/CmDHN3Ja7iczMOs5AiQCamwjqcTIwM2uDffZp\ndwR9uZvIzKwN6rUKWrGLczeRmdkI0o5jXScDM7MOU6/V0ApOBmZmw6wdO/t6nAzMzDqMu4nMzLrc\n2rXtjqA2n01kZjaM2nEW0eZt+2wiM7MRYdq09mzXycDMbJgccUT9eX7yk9bHUYu7iczMhkmZs4jc\nTWRmNsq18xjXycDMbBh04rUFRU4GZmbDoNN7tp0MzMyGQTtPKS2jdDKQNEnSTZLulbRE0odz+U6S\nFkq6X9L1ksYWlpkpabmkZZKOKJQfKOkeSQ9Iml0oHyNpXl7mNkm7NeuNmpm1S6cnAmisZbAe+GhE\n7Ae8AThL0j7A2cCNEbE3cBMwE0DSvsAJwBRgGnCRtOkjmQOcFhGTgcmSjszlpwFPRMRewGzgC0N6\nd2ZmI0AnjCeUTgYRsToi7s7TzwDLgEnA0cDlebbLgWPy9FHAvIhYHxErgOXAVEkTgO0jYlGe74rC\nMsV1XQW8aTBvysysUxx3XP15RlrLYBNJLwP2B34J7BoRayAlDGB8nm0isLKw2MO5bCKwqlC+Kpf1\nWSYiNgDrJI0bTIxmZp3g6qvbHUE5DScDSduRjtpn5BZCdU5rZo7rgMaTmVnr/OpX7Y4g2aqRmSVt\nRUoEcyPimly8RtKuEbEmdwE9mssfBl5aWHxSLuuvvLjMHyRtCewQEU/UimXWrFmbpnt6eujp6Wnk\nrZiZtVyZsYCDDmrd9nt7e+nt7S01b0O3o5B0BfBYRHy0UHYeadD3PEmfBHaKiLPzAPK3gdeRun9u\nAPaKiJD0S+DDwCLgx8AFEbFA0pnAKyLiTEnTgWMiYnqNOHw7CjPreO2+/US1gW5HUToZSHoj8DNg\nCakrKIBPAXcAV5KO6B8CToiIdXmZmaQzhJ4jdSstzOUHAZcB2wDXRcSMXL41MBc4AHgcmJ4Hn6tj\ncTIws47XaaeUNiUZdBInAzPrdJ3WKgDfqM7MrONMnFh/nuHkloGZWZN1YqsA3DIwMxs248fXn6cT\nNXRqqZmZ9a/sbSUuuKC1cQyGu4nMzJqgkfsLtWv35W4iM7MW2nvvdkcwdG4ZmJkN0UhoFYBbBmZm\nLTNSEkE9TgZmZg0YMyYlgMqjrNNPb11MzeCziczMShrsP6E5/XT4+tebG0uzORmYmZUw2ETQyV1D\nRe4mMjOroxP+LWWrORmYmQ1gKIlgpLQKwMnAzKxf44bwT3dHUiIAX2dgZtavbhsn8HUGZmYNauQ+\nQxF9HyORWwZmZlW65UKyam4ZmJmV1K2JoB4nAzOzQeimRABOBmZmm5RtFZx6akvDaAuPGZiZZWWT\nwUjd/XjMwMysjm5PBPU4GZiZUW4n362JAJwMzMxKOfLIdkfQWk4GZmZ1HHkkLFjQ7ihaywPIZmb0\nHTOIeP7zbuABZDOzOio7/P7+djsnAzOzrHrHP1oSATgZmJkZDSQDSZdIWiPpnkLZOZJWSVqcH28t\nvDZT0nJJyyQdUSg/UNI9kh6QNLtQPkbSvLzMbZJ2a8YbNDOz+hppGVwK1Dq56ssRcWB+LACQNAU4\nAZgCTAMukjYNx8wBTouIycBkSZV1ngY8ERF7AbOBLzT+dszMBnbxxQM/H622KjtjRNwqafcaL9Ua\nmT4amBcR64EVkpYDUyU9BGwfEYvyfFcAxwDX52XOyeVXAReWjc3MrIzKIenppz//jKH3va89MXWK\nZowZfFDS3ZK+KWlsLpsIrCzM83AumwisKpSvymV9lomIDcA6SUP4p3NmZptV326i+Pz004c3lk5U\numXQj4uAz0ZESDoX+BLw3qGHBdRucWwya9asTdM9PT309PQ0abNm1m3q3XeoW88a6u3tpbe3t9S8\nDV10lruJro2IVw30mqSzgYiI8/JrC0hdQA8BN0fElFw+HTgsIs6ozBMRt0vaEngkIsb3E4cvOjOz\n0kZrMqjWzIvOROGIXdKEwmvHAr/J0/OB6fkMoT2APYE7ImI18KSkqXlA+WTgmsIyp+Tp44GbGozN\nzOx57r+//jweRG6gZSDpO0APsDOwhnSkfziwP7ARWAG8PyLW5Plnks4Qeg6YERELc/lBwGXANsB1\nETEjl28NzAUOAB4HpkfEin5iccvAzEoZ7bemLhqoZeB7E5lZ13Ii6Mv3JjKzUceJoDFOBmbWdY46\nqt0RjDxOBmbWVY46Cq69tty8bhVs5jEDM+sqZbuHYPQlA48ZmFnXmzHDiWAonAzMbMSbMQMuuKD8\n/E4Ez+duIjMb8RppESxfDnvu2bpYOpm7icysa227bfl5R3MiqMctAzMb0cq2CvbYAx58sLWxdDpf\ngWxmXcsXl5XnbiIz60pOBM3jZGBmXWvsWCeCspwMzGxEuuSS+vOsW9f6OLqFxwzMbETyP6xpnMcM\nzKyrlBkraOTaA3MyMLMRxoPGreFkYGYjRpl/YWmD4zEDMxsx3CoYGo8ZmNmI5zGA1tqq3QGYmQ2k\n0STgVsHguGVgZh3LiWD4OBmYWcf5+MedCIabu4nMrC08BtBZ3DIws2HX7ETgVsHQORmYWUtImx9v\ne1vf59OmNW87TgTN4esMzKzpyhz5T5sGP/nJ0Lbj3UBjBrrOwGMGZtZU8+eXm28oicBJoPncMjCz\npmr1wLB/+oPXlCuQJV0iaY2kewplO0laKOl+SddLGlt4baak5ZKWSTqiUH6gpHskPSBpdqF8jKR5\neZnbJO3W+Fs1s3aaMqW56zvzzM07/wgnglZqZAD5UuDIqrKzgRsjYm/gJmAmgKR9gROAKcA04CJp\n0/HCHOC0iJgMTJZUWedpwBMRsRcwG/jCIN6PmbVBZWD4vvvKLzNt2uYdfH+Pr30tzesk0Hqlk0FE\n3Ar8sar4aODyPH05cEyePgqYFxHrI2IFsByYKmkCsH1ELMrzXVFYpriuq4A3NfA+zKxNBtMtNG0a\nXHdd82OxwRvqqaXjI2INQESsBsbn8onAysJ8D+eyicCqQvmqXNZnmYjYAKyTNG6I8ZlZixx//OCu\nEo5wIuhEzT6bqJmNuQGr2axZszZN9/T00NPT08RNm9lAjj8errqq3VFYPb29vfT29paat6GziSTt\nDlwbEa/Kz5cBPRGxJncB3RwRUySdDUREnJfnWwCcAzxUmSeXTwcOi4gzKvNExO2StgQeiYjxz4/C\nZxOZtdtguob8k22/Zv4/A9H3iH0+cGqePgW4plA+PZ8htAewJ3BH7kp6UtLUPKB8ctUyp+Tp40kD\n0mbWQT73ucElAjfcO1/ploGk7wA9wM7AGtKR/o+A7wMvJR31nxAR6/L8M0lnCD0HzIiIhbn8IOAy\nYBvguoiYkcu3BuYCBwCPA9Pz4HOtWNwyMBtmg71+oKcHbr65qaHYIA3UMvBFZ2ZW1y67wOOPN7aM\nf6Kdx//20syGpJFEcO+9TgQjke9NZGb92ndfWLas/PxOAiOXWwZmVlOjieDCC1sXi7WexwzMrKZG\nBowvvBDOOqt1sVhz+BbWZtaQRhKBj8u6g7uJzGzQPvCBdkdgzeJuIjPr48474TWvKTevf4Yji68z\nMLPSynYR+Sc48vg6AzNrmkMPdSLoRm4ZmNkmZVoF/umNXG4ZmJnZgHxqqdko59NIDdwyMBvVBnsn\nUus+TgZmo9ALX+hEYH25m8hslBlsEnAXUXdzy8BsFBlsIjjssObGYZ3Hp5aajRJD6Rbyz607+NRS\ns1Hst791IrD6PGZg1sU8PmBluWVg1oXOP9+JwBrjloFZl3nZy+ChhxpfzklgdHPLwKyLTJvmRGCD\n47OJzLrIYLqG/FMaPXw2kdko0GgieNvbnAhsM48ZmHWBRhOBk4BVc8vAbIQ766zy8x5yiBOB1eYx\nA7MRzv+m0srymIFZl/KdR61ZmpIMJK2Q9GtJd0m6I5ftJGmhpPslXS9pbGH+mZKWS1om6YhC+YGS\n7pH0gKTZzYjNrFv5n9JYMzWrZbAR6ImIAyJiai47G7gxIvYGbgJmAkjaFzgBmAJMAy6SNlXrOcBp\nETEZmCzpyCbFZ9ZV9tuv/LxOBFZGs5KBaqzraODyPH05cEyePgqYFxHrI2IFsByYKmkCsH1ELMrz\nXVFYxsyy/faDpUvLzetEYGU1KxkEcIOkRZLem8t2jYg1ABGxGhifyycCKwvLPpzLJgKrCuWrcpmZ\nFZRNBGPH1p/HrKJZ1xm8MSIekfRiYKGk+0kJoqipxyizZs3aNN3T00NPT08zV2/WkRoZJ1i3rnVx\n2MjQ29tLb29vqXmbfmqppHOAZ4D3ksYR1uQuoJsjYoqks4GIiPPy/AuAc4CHKvPk8unAYRFxRo1t\n+NRSG3WWLIFXvarcvP55WC0tPbVU0raStsvTLwKOAJYA84FT82ynANfk6fnAdEljJO0B7AnckbuS\nnpQ0NQ8on1xYxmzUcyKwVmpGN9GuwA8lRV7ftyNioaRfAVdK+h+ko/4TACJiqaQrgaXAc8CZhcP8\ns4DLgG2A6yJiQRPiMxvxfGGZtZqvQDbrcL6ewJrFVyCbjQJOBDYUTgZmHczdQzZcnAzMOtS0ae2O\nwEYT/z8DsxZr9c3k3CqwZnDLwKyFnAhspHAyMGuhVu6sH3+8deu20cfJwGwIpPT45CdrP4fWJYRx\n41qzXhudfJ2B2SDV6wL6xCfgvPNa01Xk6m+DMdB1Bk4GZoNUbycf0boxA1d/GwxfdGY2zCo761bs\ntJ0IrBV8aqnZINQ74pdamxDMms0tA7MGnfG8m6rXVhxENut0HjMwG4Syg8dmnWSgMQN3E5k1qMzA\nsdlI424iswbsuGP9eX7/+9bHYdZs7iYya0CZU0VdNa1T+dRSsyapt6N3IrCRysnAzMycDMwaMdCY\nwcEHD18cZs3mMQOzBhTHDKpvN+EqaZ3OYwZmTVJ9VbGvMrZu4WRg1qDqHb8TgXUDJwOzEqpPKW31\nfzAzG25OBmZ1VHb8/f016wZOBmYDcIvARgsnA7NB8liBdRMnA7N+XHxxuyMwGz6+zsCsH74PkXWb\nEXWdgaS3SrpP0gOS/O9BrG28o7fRpKNaBpK2AB4A3gT8AVgETI+I+6rmc8vAhsVArQNXQRtpRtI/\nt5kKLI+IhwAkzQOOBu4bcKkmmDMHzjyz1VsxM+tMndZNNBFYWXi+Kpe1lBOBNcqtAus2nZYM2qLs\nPzg3AycC606d1k30MLBb4fmkXPY8s2bN2jTd09NDT0/PkDZcfQdKs1qcCGwk6e3tpbe3t9S8nTaA\nvCVwP2kA+RHgDuDdEbGsar6mDyA7EVhZHfSTMWvIiBlAjogNkj4ILCR1YV1SnQhaYc6cVm/Buonk\nhGDdp6NaBmW1omXgQWQrawT+ZMyAgVsGTgZmZqPEiLoC2czMhp+TgZmZORmYmZmTgZmZ4WRgZmY4\nGZiZGU4GZmaGk4GZmeFkYGZmOBmYmRlOBmZmhpOBmZnhZGBmZjgZmJkZTgZmZoaTgZmZ4WRgZmY4\nGZiZGU4GZmaGk4GZmeFkYGZmOBmYmRlOBmZmhpOBmZnhZGBmZjgZmJkZTgZmZsYQk4GkcyStkrQ4\nP95aeG2mpOWSlkk6olB+oKR7JD0gaXahfIykeXmZ2yTtNpTYzMysvGa0DL4cEQfmxwIASVOAE4Ap\nwDTgIknK888BTouIycBkSUfm8tOAJyJiL2A28IUmxNZUvb297Q4BcBydFgM4jmqOo69OiWMgzUgG\nqlF2NDAvItZHxApgOTBV0gRg+4hYlOe7AjimsMzlefoq4E1NiK2pOuULdRydFQM4jmqOo69OiWMg\nzUgGH5R0t6RvShqbyyYCKwvzPJzLJgKrCuWrclmfZSJiA7BO0rgmxGdmZnXUTQaSbsh9/JXHkvz3\nHcBFwMsjYn9gNfClJsZWq8VhZmatEBFNeQC7A/fk6bOBTxZeWwC8DpgALCuUTwfmFOfJ01sCjw6w\nrfDDDz/88KPxR3/71a0YAkkTImJ1fnos8Js8PR/4tqSvkLp/9gTuiIiQ9KSkqcAi4GTggsIypwC3\nA8cDN/W33Yhwq8HMrImGlAyAL0jaH9gIrADeDxARSyVdCSwFngPOjHxID5wFXAZsA1xXOQMJuASY\nK2k58Dip1WBmZsNAm/fRZmY2WnXtFciSnm7COt4s6VeSfi1pkaTDC6/1d/Hc30u6U9IGSb/Pyy6W\n9PZcvljSbyTNGKZ4Nkj6s6SQ9KCkjyrZbSjxSPqIpHvzmWQ3SHpp4bVTchz3SzpZ0kZJV0g6K19U\nuEHSY5Lm5/mPyu/prvz+/nuJ7U+SdFOOYYmkDxde20nSwrz96ytnuUkal5d5WtLf+lnvfEn3lPwM\nmlk/Xptf317SSkkX1NpmM+PJMdwv6S+5flwqSVXrbDieRupGLtso6fZC3dhF0tpK/cjzvFbSc5KO\nLRnDUOpHVL9fSTdLui/X0cWSdqmz/aHUjee9z/y5LM7b/1GZz6BhzRpA7rQH8FQT1vFqYEKe3g9Y\nVXjtduC1efo64Mg8vRvwHmANcFwuG0caO3lBfr4tqVtt0jDE8zTwClLX3CnADcAsUhfhoOMBDgO2\nydMfIF1XArAT8F/AWGDHPP00sBh4Tf58HgF+DcyvbL+w3lcCv62xvS2rnk8A9s/T2wH3A/vk5+cB\nn8jTnwT+T+F9HgycDjxbYxvvBP4f+USIYa4flfXMzjFc0Or6CjyV43kF8N38ncyqWmfD8TRYN8bm\n+rGMNLb4IHBcri+V+rEF8J/AfwDH9rPNZtaPv1S/X+Bm4IBh2HdUfqvHVq1vyPuzujG3egPteuQK\ndhhwbaHsq8DJefp3pJ3inflHMLnEOh8DXpAr2tJC+aazovLzdwK/r1VxgQOBW4G/AjcCuxYq22zg\nLuCeSmUZajyVSgRcShrk3wN4LJdtQbrS+84cz4zCOj6Z47gL+Lc6cewP3NLPZzEn/7jOrXwe+bv5\ndOHH/lrgF4Xv4u5cfgpwDWlHcHOdGH4EvClP31f4XCcA91XNewrwt2L9AF5Euh6m8r6HvX4ABwE/\nIe0Y1+TpltUPCjuYXD8+UFU3Ls/reAj4zxbVjXfl+nBurp+/IyWmjxfqx5dIieOx/Nns1eL68Rfg\navruO1YBn271vqP4W60qe7reNob66Npuoizyoz+PRsRBwL+TKl+/JB0HLI6I5xj44jmAhaSdywWS\nvibp0LyO3YFbgAOAjwLfAP6tsNwLI+IA0iD7t5oYzyYR8TtgC0kvBj4GnATsQ3r/J0raXekeU+8g\n7XAOoP6tQU4j7big9gWHAuYB75a0NTCG9EOqWAZ8kXRk9nLSCQQVB5B+GIfTD0kvI+10fpmLxkfE\nmvx+VwPj+1m0WD8+R9q5FbuPhq1+5O6ZLwE7kw5avkfaKQxn/XiUzXXjNOAQ4FXAZ4BXtKhuTCR9\nB/OAd+fy/UhHz0h6CelgYS/g2jzf5wvraFX9qLXveJ+kxaTWTKvqRn+2zt1Ov5B0dIn5GzbUs4lG\nuh/mv3eSjtZqkrQfqQK+pcxKI+JPub/zv0if8TxJZ+ftrCcdaX2ZdISxorDod/Pyt+S+2h0i4qmh\nxjOAqcCTpKOWL5KORvcC3gxcGhHP5njW9bcCSSeSjmgPG2hDEfGb/KN8N+nIq9g3vSMpKa3PMRxS\neO2GiHhygO1vR7p9yYyI+FN/mx8oNkmvBv4b6ftQIbZhqx+k7rtFpC6sT5CSxWHAHwqLDmf9OAPY\nHvgxqRtrG1pUN/J6KvVjO9JReeU7qNyn7Cqgh9S19efCoi2vH9n1wE9zbGvZPN7a1LoxgN0j4hFJ\newA3SbonH9g1Tbcng/WkC9gqtql6/dn8dwP9fBaSJgE/AE6KdJ8lSEc0Ly3MNimXVVsaET+QtIR0\nTcVi4Df6Ax+gAAADo0lEQVQR8UZJl5BOrb26MH+xUooalXSI8SDp5cCGiFibj0Y/FBE3FOK5UYW7\nzw5E0puBmcCh+ainEktPVSwb8/R8UtKpHtz/HHBTRBybW0+/lbRzfq2/HzCStiL90OdGxDWFl9ZI\n2jUi1ijdD+vRflZRqR9vIO20DiedCr1djnk468ds0g5ma1IieAHw44j4VGH+VtePXdlcN3YmfQZj\nSS22AOoO7BfiKFs3bi48n0/qfrma1HqENM40jfRdvCDHUvwdt6p+bKTvvmMjbErkfyKNbUHr6kYf\nEfFI/vs7Sb2kFlFTk0E3dxMF6Qh8X0kvkLQjDd78Lp9l8B+kq6krTcxK0/JJSVPzDvVkUt9lZbnJ\npKOqytHN/qSj7xXAiyW9hTRQtVTSvoVNvisvfwiwLiL67DQHGU/xCHwsqZ/2q5Imkvpaz8xnRhwM\nPCVpW9JR6j9LemHe7k41PpsDSE3koyKi2K1zPfAWSWPzcm8h/WAgdW18hrQTLsb1Ejb/ID6V31Nx\nnf35FmmHen5V+Xzg1Dxd6Veu5SFgX9I1Lq8gfUfnkgYbV/ezzCZNrh8/BF5GGkuYQ7qJ46dbXD+K\n38HWpOuEvpqfnwvcBkwG/mee/1yaXzeuL8TxLeCPwAOF2F+et/k+0o79Zvq2DAYylPrxDJv3HeNy\nrEiqJKRlA214sHWjuIrCunaUNCZPV36rSwfa/qC0elCiHQ9SRl+bp88j/bgXkCpTZQD5QWBcnj6I\ndGRavZ7/xeYzYe7Kf3cpLLOEdEfW8wvLvIa0I9lA2un9JW/3naTBpmV5nQ/l5U/Ly91M6jpaTBqc\nO6hJ8awn9YNvIB31/iGXvznHszrHuJKUHLbPr38CuDdv49wasdxAOiuoEsuPCq+dmuN4gFTZK4PY\nH8rb+RvpaGxFLr+QdOT35/y5rMrlp9DPWSzAG/N7urvwWbw1vzaONDh/P6l/fsfCcr8j7fQ3kna8\nF1fVj4/kz3+460dlW68iDXCubXX9yPXhvvx3A2kHuCS/JuBf87ZW5kfT60Yue6qqbqwijQ9UBpBf\nn7+jx4ArgQdbXD825pieys8XAk+w+Te7roV1Y2Vebm3hu3gDmwfsfw2c2or9ZldedJb7gL8eEa9v\ndyxlSboZ+FhELG53LN3O9cP6MxLrRrN0XTeRpPcD3yZl5pGk+7JyB3L9sP6M4LrRFF3ZMjAzs8Z0\nXcvAzMwa52RgZmZOBmZm5mRgZmY4GZiZGU4GZmYG/H+S6OfDi4+50AAAAABJRU5ErkJggg==\n",
      "text/plain": [
       "<matplotlib.figure.Figure at 0x104178890>"
      ]
     },
     "metadata": {},
     "output_type": "display_data"
    }
   ],
   "source": [
    "Graph.Show.bin2graph(new_input_file)"
   ]
  },
  {
   "cell_type": "code",
   "execution_count": 4,
   "metadata": {
    "collapsed": false
   },
   "outputs": [
    {
     "data": {
      "text/plain": [
       "'/Users/JH/Documents/GitHub/EnergyData_jhyun/repository/dependency_model/dependency_model.bin'"
      ]
     },
     "execution_count": 4,
     "metadata": {},
     "output_type": "execute_result"
    }
   ],
   "source": [
    "model_structure_path = os.path.join(GlobalParameter.Repository_Path, \n",
    "                                    GlobalParameter.Dependency_Path)\n",
    "model_structure_path = os.path.join(model_structure_path, 'dependency_model.bin')\n",
    "model_structure_path"
   ]
  },
  {
   "cell_type": "code",
   "execution_count": 5,
   "metadata": {
    "collapsed": false
   },
   "outputs": [
    {
     "data": {
      "text/plain": [
       "{'close_model': array([[  0.00000000e+00,   7.24205680e+00,   1.49354105e+01,\n",
       "           3.01734432e+00,   3.01685530e+00,   1.58466232e+01,\n",
       "           3.57181234e+00,   1.84454170e+00,   1.52265849e+01,\n",
       "           4.14669191e+00,   4.14669191e+00],\n",
       "        [  0.00000000e+00,   0.00000000e+00,   4.09527778e+00,\n",
       "           2.14799215e+00,   2.03040163e+00,   4.15734931e+00,\n",
       "           2.41407111e+00,   1.80166198e+00,   4.11585706e+00,\n",
       "           2.66441624e+00,   2.66441624e+00],\n",
       "        [  0.00000000e+00,   0.00000000e+00,   0.00000000e+00,\n",
       "           1.44429070e+01,   1.50132383e+01,   2.73018519e+02,\n",
       "           1.93867384e+01,   5.20885042e+00,   5.89720000e+04,\n",
       "           9.02375374e+00,   9.02375374e+00],\n",
       "        [  0.00000000e+00,   0.00000000e+00,   0.00000000e+00,\n",
       "           0.00000000e+00,   3.13727528e+02,   1.47188983e+01,\n",
       "           3.11617979e+00,   2.37273480e+00,   1.47169588e+01,\n",
       "           4.29020858e+00,   4.29020858e+00],\n",
       "        [  0.00000000e+00,   0.00000000e+00,   0.00000000e+00,\n",
       "           0.00000000e+00,   0.00000000e+00,   1.52935685e+01,\n",
       "           3.09416556e+00,   2.21715918e+00,   1.52915856e+01,\n",
       "           4.28477710e+00,   4.28477710e+00],\n",
       "        [  0.00000000e+00,   0.00000000e+00,   0.00000000e+00,\n",
       "           0.00000000e+00,   0.00000000e+00,   0.00000000e+00,\n",
       "           1.80460494e+01,   5.17593365e+00,   2.74288372e+02,\n",
       "           9.13146922e+00,   9.13146922e+00],\n",
       "        [  0.00000000e+00,   0.00000000e+00,   0.00000000e+00,\n",
       "           0.00000000e+00,   0.00000000e+00,   0.00000000e+00,\n",
       "           0.00000000e+00,   9.88468006e+00,   1.93934711e+01,\n",
       "           2.79098883e+00,   2.79098883e+00],\n",
       "        [  0.00000000e+00,   0.00000000e+00,   0.00000000e+00,\n",
       "           0.00000000e+00,   0.00000000e+00,   0.00000000e+00,\n",
       "           0.00000000e+00,   0.00000000e+00,   5.24195556e+00,\n",
       "           2.19071437e+00,   2.19071437e+00],\n",
       "        [  0.00000000e+00,   0.00000000e+00,   0.00000000e+00,\n",
       "           0.00000000e+00,   0.00000000e+00,   0.00000000e+00,\n",
       "           0.00000000e+00,   0.00000000e+00,   0.00000000e+00,\n",
       "           9.02521212e+00,   9.02521212e+00],\n",
       "        [  0.00000000e+00,   0.00000000e+00,   0.00000000e+00,\n",
       "           0.00000000e+00,   0.00000000e+00,   0.00000000e+00,\n",
       "           0.00000000e+00,   0.00000000e+00,   0.00000000e+00,\n",
       "           0.00000000e+00,  -1.00000000e+00],\n",
       "        [  0.00000000e+00,   0.00000000e+00,   0.00000000e+00,\n",
       "           0.00000000e+00,   0.00000000e+00,   0.00000000e+00,\n",
       "           0.00000000e+00,   0.00000000e+00,   0.00000000e+00,\n",
       "           0.00000000e+00,   0.00000000e+00]]),\n",
       " 'dependency_model': array([[  0.00000000e+00,   2.73791720e+02,   5.82511626e+03,\n",
       "           1.47176317e+02,   1.83963818e+02,   8.63423646e+03,\n",
       "           3.14025160e+02,   1.22240231e+02,   1.53732133e+03,\n",
       "           3.64407104e+02,   3.64407104e+02],\n",
       "        [  2.73791720e+02,   0.00000000e+00,   1.51192100e+03,\n",
       "           9.93000445e+01,   6.37787305e+01,   2.19320615e+03,\n",
       "           1.56749940e+02,   7.23737625e+01,   3.02499080e+02,\n",
       "           1.68229581e+02,   1.68229581e+02],\n",
       "        [  5.82511626e+03,   1.51192100e+03,   0.00000000e+00,\n",
       "           5.61898280e+03,   5.26203658e+03,   8.51818856e+04,\n",
       "           6.77939924e+03,   1.91539603e+03,   1.66822505e+07,\n",
       "           3.22596541e+03,   3.22596541e+03],\n",
       "        [  1.47176317e+02,   9.93000445e+01,   5.61898280e+03,\n",
       "           0.00000000e+00,   4.34109563e+03,   8.11702238e+03,\n",
       "           1.85749927e+02,   1.32252217e+02,   1.00502029e+03,\n",
       "           2.67917499e+02,   2.67917499e+02],\n",
       "        [  1.83963818e+02,   6.37787305e+01,   5.26203658e+03,\n",
       "           4.34109563e+03,   0.00000000e+00,   8.02498460e+03,\n",
       "           1.49654442e+02,   9.67344726e+01,   8.40745268e+02,\n",
       "           2.12241061e+02,   2.12241061e+02],\n",
       "        [  8.63423646e+03,   2.19320615e+03,   8.51818856e+04,\n",
       "           8.11702238e+03,   8.02498460e+03,   0.00000000e+00,\n",
       "           9.08824678e+03,   2.74529535e+03,   1.23056938e+05,\n",
       "           4.80074787e+03,   4.80074787e+03],\n",
       "        [  3.14025160e+02,   1.56749940e+02,   6.77939924e+03,\n",
       "           1.85749927e+02,   1.49654442e+02,   9.08824678e+03,\n",
       "           0.00000000e+00,   6.93223481e+02,   3.36601179e+02,\n",
       "           1.34309207e+01,   1.34309207e+01],\n",
       "        [  1.22240231e+02,   7.23737625e+01,   1.91539603e+03,\n",
       "           1.32252217e+02,   9.67344726e+01,   2.74529535e+03,\n",
       "           6.93223481e+02,   0.00000000e+00,   4.13119241e+02,\n",
       "           1.57156021e+02,   1.57156021e+02],\n",
       "        [  1.53732133e+03,   3.02499080e+02,   1.66822505e+07,\n",
       "           1.00502029e+03,   8.40745268e+02,   1.23056938e+05,\n",
       "           3.36601179e+02,   4.13119241e+02,   0.00000000e+00,\n",
       "           1.65350083e+02,   1.65350083e+02],\n",
       "        [  3.64407104e+02,   1.68229581e+02,   3.22596541e+03,\n",
       "           2.67917499e+02,   2.12241061e+02,   4.80074787e+03,\n",
       "           1.34309207e+01,   1.57156021e+02,   1.65350083e+02,\n",
       "           0.00000000e+00,  -0.00000000e+00],\n",
       "        [  3.64407104e+02,   1.68229581e+02,   3.22596541e+03,\n",
       "           2.67917499e+02,   2.12241061e+02,   4.80074787e+03,\n",
       "           1.34309207e+01,   1.57156021e+02,   1.65350083e+02,\n",
       "          -0.00000000e+00,   0.00000000e+00]]),\n",
       " 'far_model': array([[   0.        ,   37.80579576,  390.02049819,   48.77677249,\n",
       "           60.97866827,  544.86286315,   87.91759778,   66.27132954,\n",
       "          100.96297627,   87.87899163,   87.87899163],\n",
       "        [   0.        ,    0.        ,  369.18643531,   46.22923987,\n",
       "           31.41187916,  527.5491639 ,   64.9317825 ,   40.17055541,\n",
       "           73.49601203,   63.1393768 ,   63.1393768 ],\n",
       "        [   0.        ,    0.        ,    0.        ,  389.04791061,\n",
       "          350.49311015,  312.00039491,  349.69261418,  367.71952983,\n",
       "          282.88425926,  357.49705759,  357.49705759],\n",
       "        [   0.        ,    0.        ,    0.        ,    0.        ,\n",
       "           13.83715245,  551.46942627,   59.60821873,   55.73830546,\n",
       "           68.28994387,   62.44859516,   62.44859516],\n",
       "        [   0.        ,    0.        ,    0.        ,    0.        ,\n",
       "            0.        ,  524.72937334,   48.36665619,   43.62991761,\n",
       "           54.98090831,   49.53374603,   49.53374603],\n",
       "        [   0.        ,    0.        ,    0.        ,    0.        ,\n",
       "            0.        ,    0.        ,  503.6142015 ,  530.39616306,\n",
       "          448.64073918,  525.73663212,  525.73663212],\n",
       "        [   0.        ,    0.        ,    0.        ,    0.        ,\n",
       "            0.        ,    0.        ,    0.        ,   70.13109948,\n",
       "           17.3564174 ,    4.81224451,    4.81224451],\n",
       "        [   0.        ,    0.        ,    0.        ,    0.        ,\n",
       "            0.        ,    0.        ,    0.        ,    0.        ,\n",
       "           78.81013799,   71.73733985,   71.73733985],\n",
       "        [   0.        ,    0.        ,    0.        ,    0.        ,\n",
       "            0.        ,    0.        ,    0.        ,    0.        ,\n",
       "            0.        ,   18.32090822,   18.32090822],\n",
       "        [   0.        ,    0.        ,    0.        ,    0.        ,\n",
       "            0.        ,    0.        ,    0.        ,    0.        ,\n",
       "            0.        ,    0.        ,    0.        ],\n",
       "        [   0.        ,    0.        ,    0.        ,    0.        ,\n",
       "            0.        ,    0.        ,    0.        ,    0.        ,\n",
       "            0.        ,    0.        ,    0.        ]]),\n",
       " 'file_list': ['/Users/JH/Documents/GitHub/EnergyData_jhyun/repository/preprocessed_data/PP_VTT_GW1_HA10_VM_EP_KV_K.bin',\n",
       "  '/Users/JH/Documents/GitHub/EnergyData_jhyun/repository/preprocessed_data/PP_VTT_GW1_HA10_VM_KV_K.bin',\n",
       "  '/Users/JH/Documents/GitHub/EnergyData_jhyun/repository/preprocessed_data/PP_VTT_GW1_HA10_VM_KV_KAM.bin',\n",
       "  '/Users/JH/Documents/GitHub/EnergyData_jhyun/repository/preprocessed_data/PP_VTT_GW1_HA11_VM_EP_KV_K.bin',\n",
       "  '/Users/JH/Documents/GitHub/EnergyData_jhyun/repository/preprocessed_data/PP_VTT_GW1_HA11_VM_KV_K.bin',\n",
       "  '/Users/JH/Documents/GitHub/EnergyData_jhyun/repository/preprocessed_data/PP_VTT_GW1_HA11_VM_KV_KAM.bin',\n",
       "  '/Users/JH/Documents/GitHub/EnergyData_jhyun/repository/preprocessed_data/PP_VTT_GW2_HA4_VM_EP_KV_K.bin',\n",
       "  '/Users/JH/Documents/GitHub/EnergyData_jhyun/repository/preprocessed_data/PP_VTT_GW2_HA4_VM_KV_K.bin',\n",
       "  '/Users/JH/Documents/GitHub/EnergyData_jhyun/repository/preprocessed_data/PP_VTT_GW2_HA4_VM_KV_KAM.bin',\n",
       "  '/Users/JH/Documents/GitHub/EnergyData_jhyun/repository/preprocessed_data/PP_VTT_GW2_HA7_VM_EP_KV_K.bin',\n",
       "  '/Users/JH/Documents/GitHub/EnergyData_jhyun/repository/preprocessed_data/PP_VTT_GW2_HA7_VM_EP_KV_K.bin'],\n",
       " 'file_name': 'dependency_model'}"
      ]
     },
     "execution_count": 5,
     "metadata": {},
     "output_type": "execute_result"
    }
   ],
   "source": [
    "model_structure = FileIO.Load.unpickling(model_structure_path)\n",
    "model_structure"
   ]
  },
  {
   "cell_type": "code",
   "execution_count": 6,
   "metadata": {
    "collapsed": false
   },
   "outputs": [
    {
     "data": {
      "text/plain": [
       "11"
      ]
     },
     "execution_count": 6,
     "metadata": {},
     "output_type": "execute_result"
    }
   ],
   "source": [
    "len(model_structure['file_list'])"
   ]
  },
  {
   "cell_type": "code",
   "execution_count": 7,
   "metadata": {
    "collapsed": false
   },
   "outputs": [
    {
     "data": {
      "text/plain": [
       "(11, 11)"
      ]
     },
     "execution_count": 7,
     "metadata": {},
     "output_type": "execute_result"
    }
   ],
   "source": [
    "model_structure['dependency_model'].shape"
   ]
  },
  {
   "cell_type": "code",
   "execution_count": 8,
   "metadata": {
    "collapsed": false
   },
   "outputs": [
    {
     "data": {
      "text/plain": [
       "{'close_model': array([[  0.00000000e+00,   7.24205680e+00,   1.49354105e+01,\n",
       "           3.01734432e+00,   3.01685530e+00,   1.58466232e+01,\n",
       "           3.57181234e+00,   1.84454170e+00,   1.52265849e+01,\n",
       "           4.14669191e+00,   4.14669191e+00,   2.06958085e+00],\n",
       "        [  0.00000000e+00,   0.00000000e+00,   4.09527778e+00,\n",
       "           2.14799215e+00,   2.03040163e+00,   4.15734931e+00,\n",
       "           2.41407111e+00,   1.80166198e+00,   4.11585706e+00,\n",
       "           2.66441624e+00,   2.66441624e+00,   3.18632318e+00],\n",
       "        [  0.00000000e+00,   0.00000000e+00,   0.00000000e+00,\n",
       "           1.44429070e+01,   1.50132383e+01,   2.73018519e+02,\n",
       "           1.93867384e+01,   5.20885042e+00,   5.89720000e+04,\n",
       "           9.02375374e+00,   9.02375374e+00,   2.06384433e+00],\n",
       "        [  0.00000000e+00,   0.00000000e+00,   0.00000000e+00,\n",
       "           0.00000000e+00,   3.13727528e+02,   1.47188983e+01,\n",
       "           3.11617979e+00,   2.37273480e+00,   1.47169588e+01,\n",
       "           4.29020858e+00,   4.29020858e+00,   2.20494344e+00],\n",
       "        [  0.00000000e+00,   0.00000000e+00,   0.00000000e+00,\n",
       "           0.00000000e+00,   0.00000000e+00,   1.52935685e+01,\n",
       "           3.09416556e+00,   2.21715918e+00,   1.52915856e+01,\n",
       "           4.28477710e+00,   4.28477710e+00,   2.20873710e+00],\n",
       "        [  0.00000000e+00,   0.00000000e+00,   0.00000000e+00,\n",
       "           0.00000000e+00,   0.00000000e+00,   0.00000000e+00,\n",
       "           1.80460494e+01,   5.17593365e+00,   2.74288372e+02,\n",
       "           9.13146922e+00,   9.13146922e+00,   2.05288117e+00],\n",
       "        [  0.00000000e+00,   0.00000000e+00,   0.00000000e+00,\n",
       "           0.00000000e+00,   0.00000000e+00,   0.00000000e+00,\n",
       "           0.00000000e+00,   9.88468006e+00,   1.93934711e+01,\n",
       "           2.79098883e+00,   2.79098883e+00,   1.55835077e+00],\n",
       "        [  0.00000000e+00,   0.00000000e+00,   0.00000000e+00,\n",
       "           0.00000000e+00,   0.00000000e+00,   0.00000000e+00,\n",
       "           0.00000000e+00,   0.00000000e+00,   5.24195556e+00,\n",
       "           2.19071437e+00,   2.19071437e+00,   3.77831529e+00],\n",
       "        [  0.00000000e+00,   0.00000000e+00,   0.00000000e+00,\n",
       "           0.00000000e+00,   0.00000000e+00,   0.00000000e+00,\n",
       "           0.00000000e+00,   0.00000000e+00,   0.00000000e+00,\n",
       "           9.02521212e+00,   9.02521212e+00,   2.05284344e+00],\n",
       "        [  0.00000000e+00,   0.00000000e+00,   0.00000000e+00,\n",
       "           0.00000000e+00,   0.00000000e+00,   0.00000000e+00,\n",
       "           0.00000000e+00,   0.00000000e+00,   0.00000000e+00,\n",
       "           0.00000000e+00,  -1.00000000e+00,   1.00000000e+00],\n",
       "        [  0.00000000e+00,   0.00000000e+00,   0.00000000e+00,\n",
       "           0.00000000e+00,   0.00000000e+00,   0.00000000e+00,\n",
       "           0.00000000e+00,   0.00000000e+00,   0.00000000e+00,\n",
       "           0.00000000e+00,   0.00000000e+00,   1.00000000e+00],\n",
       "        [  0.00000000e+00,   0.00000000e+00,   0.00000000e+00,\n",
       "           0.00000000e+00,   0.00000000e+00,   0.00000000e+00,\n",
       "           0.00000000e+00,   0.00000000e+00,   0.00000000e+00,\n",
       "           0.00000000e+00,   0.00000000e+00,   0.00000000e+00]]),\n",
       " 'dependency_model': array([[  0.00000000e+00,   2.73791720e+02,   5.82511626e+03,\n",
       "           1.47176317e+02,   1.83963818e+02,   8.63423646e+03,\n",
       "           3.14025160e+02,   1.22240231e+02,   1.53732133e+03,\n",
       "           3.64407104e+02,   3.64407104e+02,   1.81872678e+02],\n",
       "        [  2.73791720e+02,   0.00000000e+00,   1.51192100e+03,\n",
       "           9.93000445e+01,   6.37787305e+01,   2.19320615e+03,\n",
       "           1.56749940e+02,   7.23737625e+01,   3.02499080e+02,\n",
       "           1.68229581e+02,   1.68229581e+02,   2.01182460e+02],\n",
       "        [  5.82511626e+03,   1.51192100e+03,   0.00000000e+00,\n",
       "           5.61898280e+03,   5.26203658e+03,   8.51818856e+04,\n",
       "           6.77939924e+03,   1.91539603e+03,   1.66822505e+07,\n",
       "           3.22596541e+03,   3.22596541e+03,   7.37818277e+02],\n",
       "        [  1.47176317e+02,   9.93000445e+01,   5.61898280e+03,\n",
       "           0.00000000e+00,   4.34109563e+03,   8.11702238e+03,\n",
       "           1.85749927e+02,   1.32252217e+02,   1.00502029e+03,\n",
       "           2.67917499e+02,   2.67917499e+02,   1.37695620e+02],\n",
       "        [  1.83963818e+02,   6.37787305e+01,   5.26203658e+03,\n",
       "           4.34109563e+03,   0.00000000e+00,   8.02498460e+03,\n",
       "           1.49654442e+02,   9.67344726e+01,   8.40745268e+02,\n",
       "           2.12241061e+02,   2.12241061e+02,   1.09407022e+02],\n",
       "        [  8.63423646e+03,   2.19320615e+03,   8.51818856e+04,\n",
       "           8.11702238e+03,   8.02498460e+03,   0.00000000e+00,\n",
       "           9.08824678e+03,   2.74529535e+03,   1.23056938e+05,\n",
       "           4.80074787e+03,   4.80074787e+03,   1.07927483e+03],\n",
       "        [  3.14025160e+02,   1.56749940e+02,   6.77939924e+03,\n",
       "           1.85749927e+02,   1.49654442e+02,   9.08824678e+03,\n",
       "           0.00000000e+00,   6.93223481e+02,   3.36601179e+02,\n",
       "           1.34309207e+01,   1.34309207e+01,   7.49916496e+00],\n",
       "        [  1.22240231e+02,   7.23737625e+01,   1.91539603e+03,\n",
       "           1.32252217e+02,   9.67344726e+01,   2.74529535e+03,\n",
       "           6.93223481e+02,   0.00000000e+00,   4.13119241e+02,\n",
       "           1.57156021e+02,   1.57156021e+02,   2.71046288e+02],\n",
       "        [  1.53732133e+03,   3.02499080e+02,   1.66822505e+07,\n",
       "           1.00502029e+03,   8.40745268e+02,   1.23056938e+05,\n",
       "           3.36601179e+02,   4.13119241e+02,   0.00000000e+00,\n",
       "           1.65350083e+02,   1.65350083e+02,   3.76099562e+01],\n",
       "        [  3.64407104e+02,   1.68229581e+02,   3.22596541e+03,\n",
       "           2.67917499e+02,   2.12241061e+02,   4.80074787e+03,\n",
       "           1.34309207e+01,   1.57156021e+02,   1.65350083e+02,\n",
       "           0.00000000e+00,  -0.00000000e+00,   0.00000000e+00],\n",
       "        [  3.64407104e+02,   1.68229581e+02,   3.22596541e+03,\n",
       "           2.67917499e+02,   2.12241061e+02,   4.80074787e+03,\n",
       "           1.34309207e+01,   1.57156021e+02,   1.65350083e+02,\n",
       "          -0.00000000e+00,   0.00000000e+00,   0.00000000e+00],\n",
       "        [  1.81872678e+02,   2.01182460e+02,   7.37818277e+02,\n",
       "           1.37695620e+02,   1.09407022e+02,   1.07927483e+03,\n",
       "           7.49916496e+00,   2.71046288e+02,   3.76099562e+01,\n",
       "           0.00000000e+00,   0.00000000e+00,   0.00000000e+00]]),\n",
       " 'far_model': array([[   0.        ,   37.80579576,  390.02049819,   48.77677249,\n",
       "           60.97866827,  544.86286315,   87.91759778,   66.27132954,\n",
       "          100.96297627,   87.87899163,   87.87899163,   87.87899163],\n",
       "        [   0.        ,    0.        ,  369.18643531,   46.22923987,\n",
       "           31.41187916,  527.5491639 ,   64.9317825 ,   40.17055541,\n",
       "           73.49601203,   63.1393768 ,   63.1393768 ,   63.1393768 ],\n",
       "        [   0.        ,    0.        ,    0.        ,  389.04791061,\n",
       "          350.49311015,  312.00039491,  349.69261418,  367.71952983,\n",
       "          282.88425926,  357.49705759,  357.49705759,  357.49705759],\n",
       "        [   0.        ,    0.        ,    0.        ,    0.        ,\n",
       "           13.83715245,  551.46942627,   59.60821873,   55.73830546,\n",
       "           68.28994387,   62.44859516,   62.44859516,   62.44859516],\n",
       "        [   0.        ,    0.        ,    0.        ,    0.        ,\n",
       "            0.        ,  524.72937334,   48.36665619,   43.62991761,\n",
       "           54.98090831,   49.53374603,   49.53374603,   49.53374603],\n",
       "        [   0.        ,    0.        ,    0.        ,    0.        ,\n",
       "            0.        ,    0.        ,  503.6142015 ,  530.39616306,\n",
       "          448.64073918,  525.73663212,  525.73663212,  525.73663212],\n",
       "        [   0.        ,    0.        ,    0.        ,    0.        ,\n",
       "            0.        ,    0.        ,    0.        ,   70.13109948,\n",
       "           17.3564174 ,    4.81224451,    4.81224451,    4.81224451],\n",
       "        [   0.        ,    0.        ,    0.        ,    0.        ,\n",
       "            0.        ,    0.        ,    0.        ,    0.        ,\n",
       "           78.81013799,   71.73733985,   71.73733985,   71.73733985],\n",
       "        [   0.        ,    0.        ,    0.        ,    0.        ,\n",
       "            0.        ,    0.        ,    0.        ,    0.        ,\n",
       "            0.        ,   18.32090822,   18.32090822,   18.32090822],\n",
       "        [   0.        ,    0.        ,    0.        ,    0.        ,\n",
       "            0.        ,    0.        ,    0.        ,    0.        ,\n",
       "            0.        ,    0.        ,    0.        ,    0.        ],\n",
       "        [   0.        ,    0.        ,    0.        ,    0.        ,\n",
       "            0.        ,    0.        ,    0.        ,    0.        ,\n",
       "            0.        ,    0.        ,    0.        ,    0.        ],\n",
       "        [   0.        ,    0.        ,    0.        ,    0.        ,\n",
       "            0.        ,    0.        ,    0.        ,    0.        ,\n",
       "            0.        ,    0.        ,    0.        ,    0.        ]]),\n",
       " 'file_list': ['/Users/JH/Documents/GitHub/EnergyData_jhyun/repository/preprocessed_data/PP_VTT_GW1_HA10_VM_EP_KV_K.bin',\n",
       "  '/Users/JH/Documents/GitHub/EnergyData_jhyun/repository/preprocessed_data/PP_VTT_GW1_HA10_VM_KV_K.bin',\n",
       "  '/Users/JH/Documents/GitHub/EnergyData_jhyun/repository/preprocessed_data/PP_VTT_GW1_HA10_VM_KV_KAM.bin',\n",
       "  '/Users/JH/Documents/GitHub/EnergyData_jhyun/repository/preprocessed_data/PP_VTT_GW1_HA11_VM_EP_KV_K.bin',\n",
       "  '/Users/JH/Documents/GitHub/EnergyData_jhyun/repository/preprocessed_data/PP_VTT_GW1_HA11_VM_KV_K.bin',\n",
       "  '/Users/JH/Documents/GitHub/EnergyData_jhyun/repository/preprocessed_data/PP_VTT_GW1_HA11_VM_KV_KAM.bin',\n",
       "  '/Users/JH/Documents/GitHub/EnergyData_jhyun/repository/preprocessed_data/PP_VTT_GW2_HA4_VM_EP_KV_K.bin',\n",
       "  '/Users/JH/Documents/GitHub/EnergyData_jhyun/repository/preprocessed_data/PP_VTT_GW2_HA4_VM_KV_K.bin',\n",
       "  '/Users/JH/Documents/GitHub/EnergyData_jhyun/repository/preprocessed_data/PP_VTT_GW2_HA4_VM_KV_KAM.bin',\n",
       "  '/Users/JH/Documents/GitHub/EnergyData_jhyun/repository/preprocessed_data/PP_VTT_GW2_HA7_VM_EP_KV_K.bin',\n",
       "  '/Users/JH/Documents/GitHub/EnergyData_jhyun/repository/preprocessed_data/PP_VTT_GW2_HA7_VM_EP_KV_K.bin',\n",
       "  '/Users/JH/Documents/GitHub/EnergyData_jhyun/repository/preprocessed_data/PP_VTT_GW2_HA7_VM_EP_KV_K.bin'],\n",
       " 'file_name': 'dependency_model'}"
      ]
     },
     "execution_count": 8,
     "metadata": {},
     "output_type": "execute_result"
    }
   ],
   "source": [
    "model_structure, new_input_file = Dependency.append_dependency_model(model_structure_path, new_input_file)\n",
    "model_structure"
   ]
  },
  {
   "cell_type": "code",
   "execution_count": 9,
   "metadata": {
    "collapsed": false
   },
   "outputs": [
    {
     "data": {
      "text/plain": [
       "'/Users/JH/Documents/GitHub/EnergyData_jhyun/repository/preprocessed_data/PP_VTT_GW2_HA7_VM_EP_KV_K.bin'"
      ]
     },
     "execution_count": 9,
     "metadata": {},
     "output_type": "execute_result"
    }
   ],
   "source": [
    "new_input_file"
   ]
  },
  {
   "cell_type": "code",
   "execution_count": 10,
   "metadata": {
    "collapsed": false
   },
   "outputs": [
    {
     "data": {
      "text/plain": [
       "12"
      ]
     },
     "execution_count": 10,
     "metadata": {},
     "output_type": "execute_result"
    }
   ],
   "source": [
    "len(model_structure['file_list'])"
   ]
  },
  {
   "cell_type": "code",
   "execution_count": 11,
   "metadata": {
    "collapsed": false
   },
   "outputs": [
    {
     "data": {
      "text/plain": [
       "(12, 12)"
      ]
     },
     "execution_count": 11,
     "metadata": {},
     "output_type": "execute_result"
    }
   ],
   "source": [
    "model_structure['dependency_model'].shape"
   ]
  },
  {
   "cell_type": "code",
   "execution_count": 12,
   "metadata": {
    "collapsed": false
   },
   "outputs": [
    {
     "data": {
      "text/plain": [
       "[['/Users/JH/Documents/GitHub/EnergyData_jhyun/repository/preprocessed_data/PP_VTT_GW2_HA7_VM_EP_KV_K.bin',\n",
       "  0.0],\n",
       " ['/Users/JH/Documents/GitHub/EnergyData_jhyun/repository/preprocessed_data/PP_VTT_GW2_HA4_VM_EP_KV_K.bin',\n",
